0.6       1          
0.6       2          
0.7       3          
0.7       4          
0.8       5          
0.7       6          
0.8       7          
0.9       8          
1.0       9          
1.0       10         
1.0       11         
1.1       12         
1.2       13         
1.3       14         
1.3       15         
1.3       16         
1.4       17         
1.5       18         
1.5       19         
1.6       20         
1.7       21         
1.7       22         
1.8       23         
1.8       24         
1.9       25         
1.9       26         
2.0       27         
2.0       28         
2.1       29         
2.2       30         
2.2       31         
2.3       32         
2.4       33         
2.4       34         
2.5       35         
2.5       36         
2.6       37         
2.6       38         
2.7       39         
2.8       40         
2.8       41         
2.9       42         
2.9       43         
3.0       44         
3.0       45         
3.1       46         
3.2       47         
3.3       48         
3.3       49         
3.4       50         
3.3       51         
3.5       52         
3.5       53         
3.6       54         
3.6       55         
3.7       56         
3.7       57         
3.8       58         
3.8       59         
3.9       60         
4.0       61         
4.1       62         
4.1       63         
4.2       64         
4.2       65         
4.3       66         
4.3       67         
4.4       68         
4.4       69         
4.5       70         
4.5       71         
4.6       72         
4.7       73         
4.7       74         
4.8       75         
4.9       76         
4.9       77         
5.0       78         
5.0       79         
5.1       80         
5.1       81         
5.2       82         
5.2       83         
5.3       84         
5.3       85         
5.5       86         
5.4       87         
5.6       88         
5.6       89         
5.7       90         
5.7       91         
5.8       92         
5.8       93         
5.9       94         
5.9       95         
6.0       96         
6.1       97         
6.2       98         
6.2       99         
6.3       100        
6.3       101        
6.3       102        
6.4       103        
6.4       104        
6.6       105        
6.6       106        
6.6       107        
6.7       108        
6.7       109        
6.8       110        
6.9       111        
6.9       112        
7.0       113        
7.1       114        
7.1       115        
7.2       116        
7.2       117        
7.2       118        
7.3       119        
7.4       120        
7.5       121        
7.5       122        
7.6       123        
7.6       124        
7.7       125        
7.7       126        
7.8       127        
7.9       128        
7.9       129        
8.0       130        
8.0       131        
8.0       132        
8.1       133        
8.2       134        
8.2       135        
8.3       136        
8.4       137        
8.4       138        
8.5       139        
8.5       140        
8.6       141        
8.6       142        
8.7       143        
8.8       144        
8.8       145        
8.9       146        
8.9       147        
9.0       148        
9.0       149        
9.1       150        
9.2       151        
9.2       152        
9.3       153        
9.3       154        
9.4       155        
9.4       156        
9.5       157        
9.6       158        
9.6       159        
9.7       160        
9.7       161        
9.8       162        
9.8       163        
9.9       164        
10.0      165        
10.0      166        
10.0      167        
10.1      168        
10.2      169        
10.2      170        
10.3      171        
10.3      172        
10.4      173        
10.5      174        
10.5      175        
10.5      176        
10.7      177        
10.7      178        
10.8      179        
10.8      180        
10.8      181        
10.9      182        
11.0      183        
11.0      184        
11.1      185        
11.1      186        
11.2      187        
11.3      188        
11.3      189        
11.4      190        
11.4      191        
11.5      192        
11.5      193        
11.6      194        
11.7      195        
11.7      196        
11.8      197        
11.8      198        
11.9      199        
11.9      200        
12.0      201        
12.0      202        
12.1      203        
12.2      204        
12.2      205        
12.3      206        
12.3      207        
12.4      208        
12.4      209        
12.5      210        
12.5      211        
12.6      212        
12.7      213        
12.7      214        
12.8      215        
12.8      216        
12.9      217        
12.9      218        
13.0      219        
13.0      220        
13.1      221        
13.2      222        
13.2      223        
13.3      224        
13.3      225        
13.4      226        
13.4      227        
13.4      228        
13.6      229        
13.6      230        
13.7      231        
13.7      232        
13.8      233        
13.8      234        
13.9      235        
13.9      236        
14.0      237        
14.0      238        
14.1      239        
14.1      240        
14.2      241        
14.3      242        
14.3      243        
14.4      244        
14.4      245        
14.5      246        
14.5      247        
14.6      248        
14.6      249        
14.7      250        
14.8      251        
14.9      252        
14.9      253        
14.9      254        
15.0      255        
15.0      256        
15.1      257        
15.1      258        
15.2      259        
15.3      260        
15.3      261        
15.4      262        
15.5      263        
15.5      264        
15.5      265        
15.6      266        
15.7      267        
15.7      268        
15.7      269        
15.8      270        
15.9      271        
16.0      272        
16.0      273        
16.1      274        
16.1      275        
16.2      276        
16.2      277        
16.2      278        
16.3      279        
16.4      280        
16.5      281        
16.5      282        
16.6      283        
16.6      284        
16.7      285        
16.7      286        
16.8      287        
16.8      288        
16.9      289        
16.9      290        
17.0      291        
17.1      292        
17.1      293        
17.2      294        
17.2      295        
17.3      296        
17.3      297        
17.4      298        
17.4      299        
17.4      300        
17.5      301        
17.6      302        
17.7      303        
17.7      304        
17.8      305        
17.8      306        
17.9      307        
17.9      308        
18.0      309        
18.0      310        
18.1      311        
18.2      312        
18.2      313        
18.3      314        
18.3      315        
18.4      316        
18.4      317        
