1.1       1          
1.0       2          
0.8       3          
0.8       4          
0.8       5          
0.7       6          
0.8       7          
0.8       8          
0.8       9          
0.9       10         
0.9       11         
1.0       12         
0.9       13         
1.1       14         
1.0       15         
1.1       16         
1.2       17         
1.1       18         
1.3       19         
1.2       20         
1.4       21         
1.4       22         
1.4       23         
1.5       24         
1.5       25         
1.6       26         
1.6       27         
1.6       28         
1.7       29         
1.7       30         
1.8       31         
1.9       32         
1.8       33         
1.9       34         
1.9       35         
2.0       36         
2.1       37         
2.0       38         
2.2       39         
2.2       40         
2.3       41         
2.3       42         
2.3       43         
2.4       44         
2.5       45         
2.4       46         
2.5       47         
2.5       48         
2.6       49         
2.7       50         
2.7       51         
2.7       52         
2.8       53         
2.8       54         
2.9       55         
3.0       56         
3.0       57         
3.0       58         
3.1       59         
3.1       60         
3.2       61         
3.2       62         
3.3       63         
3.3       64         
3.4       65         
3.4       66         
3.4       67         
3.5       68         
3.5       69         
3.5       70         
3.6       71         
3.7       72         
3.7       73         
3.8       74         
3.7       75         
3.9       76         
3.9       77         
4.0       78         
4.0       79         
4.0       80         
4.1       81         
4.1       82         
4.2       83         
4.2       84         
4.3       85         
4.3       86         
4.4       87         
4.4       88         
4.4       89         
4.5       90         
4.5       91         
4.6       92         
4.6       93         
4.7       94         
4.8       95         
4.7       96         
4.8       97         
4.8       98         
5.0       99         
5.0       100        
5.0       101        
5.1       102        
5.1       103        
5.1       104        
5.2       105        
5.2       106        
5.3       107        
5.3       108        
5.3       109        
5.5       110        
5.4       111        
5.5       112        
5.6       113        
5.6       114        
5.7       115        
5.7       116        
5.7       117        
5.8       118        
5.8       119        
5.9       120        
6.0       121        
5.9       122        
6.0       123        
6.1       124        
6.1       125        
6.1       126        
6.2       127        
6.2       128        
6.3       129        
6.4       130        
6.4       131        
6.4       132        
6.5       133        
6.5       134        
6.6       135        
6.6       136        
6.6       137        
6.7       138        
6.8       139        
6.8       140        
6.8       141        
6.9       142        
6.9       143        
7.0       144        
7.1       145        
7.1       146        
7.1       147        
7.2       148        
7.2       149        
7.2       150        
7.3       151        
7.4       152        
7.4       153        
7.4       154        
7.5       155        
7.6       156        
7.5       157        
7.7       158        
7.7       159        
7.7       160        
7.7       161        
7.9       162        
7.9       163        
7.9       164        
7.9       165        
8.1       166        
8.1       167        
8.1       168        
8.1       169        
8.2       170        
8.3       171        
8.2       172        
8.3       173        
8.4       174        
8.4       175        
8.4       176        
8.5       177        
8.6       178        
8.6       179        
8.6       180        
8.6       181        
8.8       182        
8.8       183        
8.8       184        
8.8       185        
8.9       186        
9.0       187        
9.0       188        
9.0       189        
9.1       190        
9.2       191        
9.2       192        
9.2       193        
9.3       194        
9.3       195        
9.4       196        
9.5       197        
9.5       198        
9.5       199        
9.6       200        
9.6       201        
9.7       202        
9.7       203        
9.7       204        
9.7       205        
9.8       206        
9.9       207        
10.0      208        
10.0      209        
10.0      210        
10.0      211        
10.1      212        
10.2      213        
10.2      214        
10.2      215        
10.3      216        
10.3      217        
10.4      218        
10.5      219        
10.5      220        
10.5      221        
10.6      222        
10.6      223        
10.7      224        
10.7      225        
10.8      226        
10.8      227        
10.9      228        
10.9      229        
10.9      230        
10.9      231        
11.1      232        
11.1      233        
11.2      234        
11.2      235        
11.2      236        
11.2      237        
11.3      238        
11.3      239        
11.3      240        
11.5      241        
11.5      242        
11.6      243        
11.6      244        
11.6      245        
11.7      246        
11.7      247        
11.7      248        
11.8      249        
11.9      250        
11.9      251        
12.0      252        
12.0      253        
12.0      254        
12.1      255        
12.1      256        
12.2      257        
12.2      258        
12.2      259        
12.3      260        
12.3      261        
12.4      262        
12.4      263        
12.5      264        
12.5      265        
12.6      266        
12.6      267        
12.7      268        
12.7      269        
12.8      270        
12.8      271        
12.8      272        
12.9      273        
12.9      274        
12.9      275        
13.0      276        
13.1      277        
13.1      278        
13.2      279        
13.2      280        
13.2      281        
13.3      282        
13.3      283        
13.4      284        
13.4      285        
13.5      286        
13.6      287        
13.6      288        
13.7      289        
13.7      290        
13.7      291        
13.8      292        
13.8      293        
13.8      294        
13.9      295        
14.0      296        
14.0      297        
14.1      298        
14.1      299        
14.1      300        
14.2      301        
14.2      302        
14.2      303        
14.3      304        
14.3      305        
14.4      306        
14.5      307        
14.5      308        
14.5      309        
14.6      310        
14.6      311        
14.6      312        
14.7      313        
14.7      314        
14.8      315        
14.8      316        
14.9      317        
14.9      318        
15.0      319        
15.0      320        
15.0      321        
15.1      322        
15.1      323        
15.2      324        
15.3      325        
15.3      326        
15.4      327        
15.4      328        
15.5      329        
15.5      330        
15.5      331        
15.6      332        
15.6      333        
15.6      334        
15.7      335        
15.7      336        
15.8      337        
15.8      338        
15.9      339        
15.9      340        
16.0      341        
16.0      342        
16.1      343        
16.1      344        
16.2      345        
16.2      346        
16.2      347        
16.3      348        
16.3      349        
16.4      350        
16.4      351        
16.5      352        
16.5      353        
16.6      354        
16.6      355        
16.6      356        
16.7      357        
16.7      358        
16.8      359        
16.8      360        
