12.8      1          
13.1      2          
13.5      3          
13.8      4          
14.2      5          
14.6      6          
15.0      7          
15.4      8          
15.9      9          
16.3      10         
16.7      11         
17.5      12         
17.8      13         
18.2      14         
18.6      15         
19.0      16         
19.4      17         
19.7      18         
20.1      19         
20.4      20         
20.8      21         
21.1      22         
21.5      23         
22.2      24         
22.5      25         
22.9      26         
23.2      27         
23.5      28         
23.9      29         
24.2      30         
24.5      31         
24.8      32         
25.1      33         
25.4      34         
25.7      35         
26.1      36         
26.4      37         
26.6      38         
27.3      39         
27.5      40         
27.8      41         
28.1      42         
28.4      43         
28.7      44         
28.9      45         
29.2      46         
29.5      47         
29.7      48         
30.0      49         
30.3      50         
30.6      51         
30.8      52         
31.1      53         
31.3      54         
31.6      55         
31.8      56         
32.1      57         
32.3      58         
32.8      59         
33.0      60         
33.3      61         
33.5      62         
33.8      63         
34.0      64         
34.2      65         
34.4      66         
34.7      67         
34.9      68         
35.1      69         
35.4      70         
35.6      71         
35.8      72         
36.0      73         
36.3      74         
36.4      75         
36.6      76         
36.9      77         
37.1      78         
37.3      79         
37.5      80         
37.7      81         
37.9      82         
38.1      83         
38.3      84         
38.5      85         
38.7      86         
38.9      87         
39.1      88         
39.3      89         
39.5      90         
39.7      91         
39.9      92         
40.3      93         
40.5      94         
40.7      95         
40.9      96         
41.0      97         
41.2      98         
41.4      99         
41.6      100        
41.8      101        
42.0      102        
42.2      103        
42.3      104        
42.5      105        
42.7      106        
42.8      107        
43.0      108        
43.2      109        
43.3      110        
43.5      111        
43.7      112        
43.9      113        
44.1      114        
44.2      115        
44.3      116        
44.5      117        
44.7      118        
44.8      119        
45.0      120        
45.2      121        
45.4      122        
45.5      123        
45.7      124        
45.8      125        
46.0      126        
46.2      127        
46.3      128        
46.5      129        
46.6      130        
46.8      131        
46.9      132        
47.1      133        
47.3      134        
47.4      135        
47.5      136        
47.7      137        
47.8      138        
48.0      139        
48.2      140        
48.3      141        
48.4      142        
48.6      143        
48.7      144        
48.8      145        
49.0      146        
49.2      147        
49.3      148        
49.5      149        
49.6      150        
49.7      151        
49.9      152        
50.0      153        
50.2      154        
50.3      155        
50.5      156        
50.6      157        
50.7      158        
50.8      159        
51.0      160        
51.1      161        
51.2      162        
51.4      163        
51.5      164        
51.7      165        
51.8      166        
51.8      167        
51.9      168        
52.1      169        
52.2      170        
52.3      171        
52.5      172        
52.6      173        
52.8      174        
52.9      175        
53.0      176        
53.1      177        
53.3      178        
53.4      179        
53.5      180        
53.7      181        
53.8      182        
53.9      183        
54.0      184        
54.2      185        
54.3      186        
54.4      187        
54.5      188        
54.7      189        
54.8      190        
54.9      191        
55.1      192        
55.2      193        
55.3      194        
55.4      195        
55.5      196        
55.6      197        
55.8      198        
55.9      199        
56.0      200        
56.2      201        
56.3      202        
56.4      203        
56.5      204        
56.6      205        
56.7      206        
56.9      207        
57.0      208        
57.1      209        
57.1      210        
57.2      211        
57.3      212        
57.4      213        
57.5      214        
57.6      215        
57.8      216        
57.9      217        
58.0      218        
58.2      219        
58.3      220        
58.4      221        
58.5      222        
58.6      223        
58.8      224        
58.9      225        
59.1      226        
59.1      227        
59.3      228        
59.4      229        
59.5      230        
59.6      231        
59.7      232        
59.8      233        
59.9      234        
60.0      235        
60.1      236        
60.5      237        
60.8      238        
60.8      239        
60.8      240        
60.9      241        
61.0      242        
61.3      243        
61.3      244        
61.3      245        
61.5      246        
61.6      247        
61.7      248        
61.7      249        
61.8      250        
61.9      251        
62.0      252        
62.1      253        
62.2      254        
62.3      255        
62.4      256        
62.5      257        
62.6      258        
62.7      259        
62.8      260        
63.0      261        
63.0      262        
63.2      263        
63.3      264        
63.4      265        
63.4      266        
63.5      267        
63.6      268        
63.7      269        
63.8      270        
64.0      271        
64.0      272        
64.1      273        
64.1      274        
64.3      275        
64.4      276        
64.5      277        
64.6      278        
64.7      279        
64.8      280        
64.9      281        
64.9      282        
65.0      283        
65.0      284        
65.2      285        
65.3      286        
65.4      287        
65.5      288        
65.6      289        
65.7      290        
65.8      291        
66.0      292        
66.0      293        
66.1      294        
66.2      295        
66.4      296        
66.4      297        
66.5      298        
66.6      299        
66.8      300        
66.8      301        
66.9      302        
66.9      303        
67.0      304        
67.1      305        
67.2      306        
67.3      307        
67.5      308        
67.6      309        
67.6      310        
67.9      311        
