5.5       1          
5.5       2          
5.5       3          
5.4       4          
5.4       5          
5.4       6          
5.4       7          
5.4       8          
5.4       9          
5.4       10         
5.4       11         
5.4       12         
5.4       13         
5.5       14         
11.1      15         
15.6      16         
20.3      17         
20.2      18         
20.1      19         
20.0      20         
20.0      21         
23.4      22         
28.9      23         
34.4      24         
40.6      25         
35.5      26         
13.3      27         
3.5       28         
0.0       29         
0.0       30         
0.0       31         
0.0       32         
0.0       33         
0.3       34         
1.5       35         
5.8       36         
6.0       37         
5.0       38         
3.1       39         
1.6       40         
0.2       41         
0.3       42         
0.7       43         
0.9       44         
1.0       45         
1.0       46         
1.1       47         
1.1       48         
1.2       49         
1.2       50         
1.2       51         
1.3       52         
1.3       53         
1.4       54         
1.4       55         
1.4       56         
1.5       57         
1.6       58         
1.6       59         
1.6       60         
1.6       61         
1.7       62         
1.8       63         
1.8       64         
1.8       65         
1.8       66         
1.9       67         
1.9       68         
2.0       69         
2.1       70         
2.0       71         
2.1       72         
2.1       73         
2.2       74         
2.2       75         
2.2       76         
2.3       77         
2.4       78         
2.4       79         
2.4       80         
2.5       81         
2.5       82         
2.6       83         
2.6       84         
2.7       85         
2.6       86         
2.7       87         
2.7       88         
2.8       89         
2.9       90         
2.9       91         
2.9       92         
2.9       93         
3.0       94         
3.1       95         
3.0       96         
3.1       97         
3.2       98         
3.2       99         
3.3       100        
3.2       101        
3.3       102        
3.3       103        
3.4       104        
3.4       105        
3.5       106        
3.5       107        
3.6       108        
3.6       109        
3.6       110        
3.7       111        
3.8       112        
3.8       113        
3.8       114        
3.9       115        
3.9       116        
3.9       117        
4.0       118        
4.0       119        
4.1       120        
4.1       121        
4.1       122        
4.2       123        
4.2       124        
4.3       125        
4.3       126        
4.4       127        
4.4       128        
4.4       129        
4.4       130        
4.5       131        
4.6       132        
4.6       133        
4.6       134        
4.7       135        
4.7       136        
4.7       137        
4.8       138        
4.8       139        
4.9       140        
4.9       141        
5.0       142        
5.0       143        
5.0       144        
5.1       145        
5.1       146        
5.2       147        
5.2       148        
5.3       149        
5.3       150        
5.3       151        
5.4       152        
5.4       153        
5.5       154        
5.5       155        
5.6       156        
5.6       157        
5.6       158        
5.7       159        
5.7       160        
5.7       161        
5.8       162        
5.8       163        
5.9       164        
5.9       165        
5.9       166        
6.0       167        
6.0       168        
6.1       169        
6.1       170        
6.1       171        
6.2       172        
6.2       173        
6.3       174        
6.3       175        
6.4       176        
6.4       177        
6.4       178        
6.5       179        
6.5       180        
6.5       181        
6.6       182        
6.6       183        
6.7       184        
6.7       185        
6.8       186        
6.8       187        
6.8       188        
6.9       189        
6.9       190        
6.9       191        
7.0       192        
7.0       193        
7.1       194        
7.1       195        
7.2       196        
7.2       197        
7.2       198        
7.3       199        
7.3       200        
7.4       201        
7.4       202        
7.5       203        
7.5       204        
7.5       205        
7.6       206        
7.6       207        
7.7       208        
7.7       209        
7.8       210        
7.8       211        
7.8       212        
7.9       213        
7.9       214        
8.0       215        
8.0       216        
8.0       217        
8.1       218        
8.1       219        
8.1       220        
8.2       221        
8.2       222        
8.3       223        
8.3       224        
8.4       225        
8.4       226        
8.4       227        
8.5       228        
8.5       229        
8.6       230        
8.7       231        
8.7       232        
8.7       233        
8.7       234        
8.8       235        
8.8       236        
8.8       237        
8.8       238        
8.9       239        
9.0       240        
9.0       241        
9.1       242        
9.1       243        
9.2       244        
9.2       245        
9.2       246        
9.3       247        
9.3       248        
9.4       249        
9.4       250        
9.4       251        
9.5       252        
9.5       253        
9.5       254        
9.6       255        
9.6       256        
9.6       257        
9.7       258        
9.8       259        
9.8       260        
9.8       261        
9.9       262        
9.9       263        
10.0      264        
10.0      265        
10.0      266        
10.1      267        
10.1      268        
10.1      269        
10.2      270        
10.2      271        
10.3      272        
10.3      273        
10.4      274        
10.4      275        
10.4      276        
10.5      277        
10.5      278        
10.6      279        
10.6      280        
10.7      281        
10.7      282        
10.7      283        
10.8      284        
10.8      285        
10.8      286        
10.9      287        
10.9      288        
11.0      289        
11.0      290        
11.1      291        
11.1      292        
11.1      293        
11.2      294        
11.2      295        
11.3      296        
11.3      297        
11.4      298        
11.4      299        
11.4      300        
11.5      301        
11.5      302        
11.6      303        
11.6      304        
11.6      305        
11.7      306        
11.7      307        
11.8      308        
11.8      309        
11.8      310        
11.9      311        
