2.9       1          
2.8       2          
2.8       3          
2.8       4          
2.8       5          
2.8       6          
2.8       7          
2.9       8          
2.9       9          
3.0       10         
3.0       11         
3.1       12         
3.1       13         
3.2       14         
3.2       15         
3.3       16         
3.4       17         
3.4       18         
3.5       19         
3.5       20         
3.6       21         
3.6       22         
3.7       23         
3.8       24         
3.9       25         
3.9       26         
4.0       27         
4.0       28         
4.1       29         
4.2       30         
4.3       31         
4.3       32         
4.4       33         
4.4       34         
4.5       35         
4.6       36         
4.6       37         
4.7       38         
4.8       39         
4.9       40         
4.9       41         
5.0       42         
5.0       43         
5.1       44         
5.2       45         
5.3       46         
5.3       47         
5.4       48         
5.4       49         
5.5       50         
5.6       51         
5.7       52         
5.7       53         
5.8       54         
5.8       55         
5.9       56         
6.0       57         
6.0       58         
6.1       59         
6.2       60         
6.3       61         
6.3       62         
6.4       63         
6.4       64         
6.5       65         
6.6       66         
6.7       67         
6.7       68         
6.8       69         
6.8       70         
6.9       71         
7.0       72         
7.0       73         
7.1       74         
7.2       75         
7.3       76         
7.3       77         
7.4       78         
7.4       79         
7.5       80         
7.6       81         
7.6       82         
7.8       83         
7.8       84         
7.9       85         
7.9       86         
8.0       87         
8.0       88         
8.1       89         
8.2       90         
8.3       91         
8.3       92         
8.4       93         
8.5       94         
8.5       95         
8.6       96         
8.7       97         
8.7       98         
8.8       99         
8.9       100        
8.9       101        
9.0       102        
9.0       103        
9.1       104        
9.2       105        
9.2       106        
9.3       107        
9.4       108        
9.5       109        
9.5       110        
9.6       111        
9.7       112        
9.7       113        
9.8       114        
9.9       115        
9.9       116        
10.0      117        
10.1      118        
10.1      119        
10.2      120        
10.2      121        
10.3      122        
10.4      123        
10.5      124        
10.5      125        
10.6      126        
10.7      127        
10.7      128        
10.8      129        
10.8      130        
10.9      131        
11.0      132        
11.1      133        
11.1      134        
11.2      135        
11.2      136        
11.3      137        
11.3      138        
11.5      139        
11.5      140        
11.6      141        
11.7      142        
11.7      143        
11.8      144        
11.9      145        
11.9      146        
12.0      147        
12.0      148        
12.1      149        
12.2      150        
12.2      151        
12.4      152        
12.4      153        
12.5      154        
12.5      155        
12.6      156        
12.6      157        
12.7      158        
12.8      159        
12.8      160        
12.9      161        
13.0      162        
13.0      163        
13.1      164        
13.2      165        
13.2      166        
13.3      167        
13.4      168        
13.5      169        
13.5      170        
13.6      171        
13.6      172        
13.7      173        
13.8      174        
13.8      175        
13.9      176        
13.9      177        
14.0      178        
14.1      179        
14.1      180        
14.2      181        
14.3      182        
14.3      183        
14.4      184        
14.4      185        
14.6      186        
14.6      187        
14.7      188        
14.7      189        
14.9      190        
14.9      191        
15.0      192        
15.0      193        
15.0      194        
15.2      195        
15.2      196        
15.3      197        
15.4      198        
15.5      199        
15.5      200        
15.5      201        
15.6      202        
15.6      203        
15.7      204        
15.8      205        
15.8      206        
16.0      207        
16.0      208        
16.1      209        
16.1      210        
16.2      211        
16.3      212        
16.3      213        
16.4      214        
16.5      215        
16.5      216        
16.5      217        
16.6      218        
16.7      219        
16.8      220        
16.8      221        
16.9      222        
17.0      223        
17.0      224        
17.1      225        
17.2      226        
17.2      227        
17.4      228        
17.4      229        
17.4      230        
17.5      231        
17.6      232        
17.6      233        
17.7      234        
17.8      235        
17.8      236        
17.8      237        
17.9      238        
18.1      239        
18.1      240        
18.2      241        
18.3      242        
18.3      243        
18.3      244        
18.4      245        
18.5      246        
18.5      247        
18.6      248        
18.7      249        
18.7      250        
18.8      251        
18.9      252        
19.0      253        
19.0      254        
19.0      255        
19.1      256        
19.2      257        
19.2      258        
19.3      259        
19.3      260        
19.4      261        
19.5      262        
19.6      263        
19.7      264        
19.8      265        
19.8      266        
19.8      267        
19.9      268        
19.9      269        
20.0      270        
20.1      271        
20.1      272        
20.2      273        
20.3      274        
