0.0       1          
0.0       2          
0.0       3          
0.0       4          
0.0       5          
0.0       6          
0.0       7          
0.0       8          
0.0       9          
0.0       10         
0.0       11         
0.0       12         
0.0       13         
0.0       14         
0.0       15         
0.0       16         
0.1       17         
0.1       18         
0.1       19         
0.2       20         
0.2       21         
0.3       22         
0.4       23         
0.4       24         
0.4       25         
0.5       26         
0.5       27         
0.6       28         
0.6       29         
0.6       30         
0.7       31         
0.7       32         
0.8       33         
0.8       34         
0.8       35         
0.9       36         
0.9       37         
0.9       38         
1.0       39         
1.0       40         
1.1       41         
1.1       42         
1.1       43         
1.2       44         
1.2       45         
1.3       46         
1.3       47         
1.4       48         
1.4       49         
1.5       50         
1.5       51         
1.6       52         
1.6       53         
1.6       54         
1.7       55         
1.7       56         
1.8       57         
1.8       58         
1.8       59         
1.9       60         
1.9       61         
1.9       62         
2.0       63         
2.0       64         
2.1       65         
2.1       66         
2.2       67         
2.2       68         
2.3       69         
2.3       70         
2.3       71         
2.4       72         
2.5       73         
2.5       74         
2.5       75         
2.6       76         
2.6       77         
2.7       78         
2.7       79         
2.8       80         
2.8       81         
2.9       82         
2.9       83         
2.9       84         
2.9       85         
3.0       86         
3.1       87         
3.1       88         
3.1       89         
3.2       90         
3.2       91         
3.3       92         
3.4       93         
3.4       94         
3.4       95         
3.5       96         
3.5       97         
3.6       98         
3.6       99         
3.7       100        
3.7       101        
3.7       102        
3.8       103        
3.8       104        
3.9       105        
3.9       106        
4.0       107        
4.0       108        
4.1       109        
4.1       110        
4.1       111        
4.2       112        
4.2       113        
4.3       114        
4.3       115        
4.4       116        
4.4       117        
4.5       118        
4.5       119        
4.5       120        
4.6       121        
4.7       122        
4.7       123        
4.8       124        
4.8       125        
4.8       126        
4.9       127        
5.0       128        
5.0       129        
5.0       130        
5.1       131        
5.1       132        
5.2       133        
5.2       134        
5.2       135        
5.3       136        
5.4       137        
5.4       138        
5.4       139        
5.5       140        
5.5       141        
5.6       142        
5.7       143        
5.7       144        
5.7       145        
5.8       146        
5.8       147        
5.9       148        
5.9       149        
6.0       150        
6.0       151        
6.1       152        
6.1       153        
6.1       154        
6.2       155        
6.2       156        
6.3       157        
6.4       158        
6.4       159        
6.4       160        
6.5       161        
6.5       162        
6.6       163        
6.6       164        
6.7       165        
6.7       166        
6.8       167        
6.8       168        
6.9       169        
6.9       170        
6.9       171        
7.0       172        
7.1       173        
7.1       174        
7.1       175        
7.2       176        
7.2       177        
7.3       178        
7.3       179        
7.4       180        
7.4       181        
7.5       182        
7.5       183        
7.6       184        
7.6       185        
7.6       186        
7.7       187        
7.7       188        
7.8       189        
7.9       190        
7.9       191        
7.9       192        
8.0       193        
8.0       194        
8.1       195        
8.1       196        
8.2       197        
8.2       198        
8.3       199        
8.3       200        
8.4       201        
8.4       202        
8.5       203        
8.5       204        
8.6       205        
8.6       206        
8.7       207        
8.7       208        
8.8       209        
8.8       210        
8.8       211        
8.9       212        
9.0       213        
9.0       214        
9.1       215        
9.1       216        
9.1       217        
9.2       218        
9.2       219        
9.3       220        
9.3       221        
9.4       222        
9.4       223        
9.5       224        
9.5       225        
9.6       226        
9.6       227        
9.7       228        
9.7       229        
9.8       230        
9.8       231        
9.9       232        
9.9       233        
10.0      234        
10.0      235        
10.0      236        
10.1      237        
10.2      238        
10.2      239        
10.3      240        
10.3      241        
10.4      242        
10.4      243        
10.4      244        
10.5      245        
10.6      246        
10.6      247        
10.6      248        
10.7      249        
10.7      250        
10.8      251        
10.8      252        
10.9      253        
11.0      254        
11.0      255        
11.0      256        
11.1      257        
11.1      258        
11.2      259        
11.2      260        
11.3      261        
11.3      262        
11.4      263        
11.4      264        
11.5      265        
11.5      266        
11.6      267        
11.6      268        
11.7      269        
11.7      270        
11.8      271        
11.8      272        
11.9      273        
11.9      274        
12.0      275        
12.0      276        
12.0      277        
12.1      278        
12.1      279        
12.2      280        
12.3      281        
12.3      282        
12.4      283        
12.4      284        
12.5      285        
12.5      286        
12.5      287        
12.6      288        
12.6      289        
12.7      290        
12.7      291        
12.8      292        
12.8      293        
12.9      294        
12.9      295        
13.0      296        
13.0      297        
13.1      298        
13.2      299        
13.2      300        
13.2      301        
13.3      302        
13.3      303        
13.4      304        
13.4      305        
13.5      306        
13.5      307        
13.5      308        
13.6      309        
13.7      310        
13.7      311        
13.8      312        
13.8      313        
13.9      314        
13.9      315        
14.0      316        
14.0      317        
14.1      318        
14.1      319        
14.2      320        
14.2      321        
14.2      322        
14.3      323        
14.3      324        
14.4      325        
14.4      326        
14.5      327        
14.6      328        
14.6      329        
14.6      330        
14.7      331        
14.7      332        
14.8      333        
14.8      334        
14.9      335        
14.9      336        
14.9      337        
15.0      338        
15.1      339        
15.1      340        
15.2      341        
15.3      342        
15.3      343        
15.3      344        
15.4      345        
15.4      346        
15.5      347        
15.6      348        
15.6      349        
15.7      350        
15.7      351        
15.7      352        
15.8      353        
15.8      354        
15.8      355        
15.9      356        
15.9      357        
16.0      358        
16.1      359        
16.1      360        
16.2      361        
16.2      362        
16.3      363        
16.3      364        
16.4      365        
16.4      366        
16.5      367        
16.5      368        
16.5      369        
16.6      370        
16.7      371        
16.7      372        
16.8      373        
16.8      374        
16.9      375        
16.9      376        
16.9      377        
17.0      378        
17.1      379        
17.1      380        
17.2      381        
17.2      382        
17.3      383        
17.3      384        
17.3      385        
17.3      386        
17.4      387        
17.5      388        
17.6      389        
17.6      390        
17.6      391        
17.7      392        
17.7      393        
17.8      394        
17.8      395        
17.9      396        
17.9      397        
18.0      398        
18.0      399        
18.1      400        
18.2      401        
18.2      402        
18.2      403        
18.3      404        
18.3      405        
18.4      406        
18.4      407        
18.4      408        
18.5      409        
18.6      410        
18.6      411        
18.7      412        
18.7      413        
18.8      414        
18.8      415        
18.9      416        
18.9      417        
18.9      418        
19.0      419        
19.1      420        
19.1      421        
19.1      422        
19.3      423        
19.3      424        
19.3      425        
