0.1       1          
0.1       2          
0.1       3          
0.1       4          
0.1       5          
0.1       6          
0.2       7          
0.2       8          
0.2       9          
0.2       10         
0.3       11         
0.3       12         
0.3       13         
0.4       14         
0.4       15         
0.4       16         
0.5       17         
0.5       18         
0.5       19         
0.6       20         
0.6       21         
0.6       22         
0.7       23         
0.7       24         
0.7       25         
0.8       26         
0.8       27         
0.8       28         
0.9       29         
0.9       30         
1.0       31         
1.0       32         
1.0       33         
1.1       34         
1.1       35         
1.1       36         
1.2       37         
1.2       38         
1.2       39         
1.3       40         
1.3       41         
1.3       42         
1.4       43         
1.4       44         
1.4       45         
1.5       46         
1.5       47         
1.5       48         
1.6       49         
1.6       50         
1.7       51         
1.7       52         
1.7       53         
1.8       54         
1.8       55         
1.8       56         
1.8       57         
1.9       58         
1.9       59         
2.0       60         
2.0       61         
2.0       62         
2.1       63         
2.1       64         
2.1       65         
2.2       66         
2.2       67         
2.2       68         
2.3       69         
2.3       70         
2.4       71         
2.4       72         
2.4       73         
2.5       74         
2.5       75         
2.5       76         
2.6       77         
2.6       78         
2.6       79         
2.7       80         
2.7       81         
2.7       82         
2.8       83         
2.8       84         
2.9       85         
2.9       86         
2.9       87         
2.9       88         
3.0       89         
3.0       90         
3.1       91         
3.1       92         
3.1       93         
3.2       94         
3.2       95         
3.2       96         
3.3       97         
3.3       98         
3.4       99         
3.4       100        
3.4       101        
3.4       102        
3.5       103        
3.5       104        
3.6       105        
3.6       106        
3.7       107        
3.7       108        
3.7       109        
3.7       110        
3.8       111        
3.8       112        
3.9       113        
3.9       114        
3.9       115        
4.0       116        
4.0       117        
4.0       118        
4.1       119        
4.1       120        
4.1       121        
4.2       122        
4.2       123        
4.2       124        
4.3       125        
4.3       126        
4.4       127        
4.4       128        
4.4       129        
4.4       130        
4.5       131        
4.5       132        
4.5       133        
4.6       134        
4.6       135        
4.7       136        
4.7       137        
4.7       138        
4.8       139        
4.8       140        
4.8       141        
4.9       142        
4.9       143        
4.9       144        
5.0       145        
5.0       146        
5.0       147        
5.1       148        
5.1       149        
5.2       150        
5.2       151        
5.2       152        
5.3       153        
5.3       154        
5.3       155        
5.4       156        
5.4       157        
5.4       158        
5.5       159        
5.5       160        
5.5       161        
5.6       162        
5.6       163        
5.7       164        
5.7       165        
5.7       166        
5.7       167        
5.8       168        
5.8       169        
5.9       170        
5.9       171        
5.9       172        
6.0       173        
6.0       174        
6.0       175        
6.1       176        
6.1       177        
6.1       178        
6.2       179        
6.2       180        
6.2       181        
6.3       182        
6.3       183        
6.4       184        
6.4       185        
6.4       186        
6.5       187        
6.5       188        
6.5       189        
6.6       190        
6.6       191        
6.6       192        
6.7       193        
6.7       194        
6.7       195        
6.8       196        
6.8       197        
6.9       198        
6.9       199        
6.9       200        
7.0       201        
7.0       202        
7.0       203        
7.1       204        
7.1       205        
7.1       206        
7.1       207        
7.2       208        
7.3       209        
7.3       210        
7.3       211        
7.3       212        
7.4       213        
7.4       214        
7.4       215        
7.5       216        
7.5       217        
7.6       218        
7.6       219        
7.6       220        
7.7       221        
7.7       222        
7.7       223        
7.8       224        
7.8       225        
7.8       226        
7.9       227        
7.9       228        
7.9       229        
8.0       230        
8.0       231        
8.1       232        
8.1       233        
8.1       234        
8.2       235        
8.2       236        
8.2       237        
8.3       238        
8.3       239        
8.3       240        
8.4       241        
8.4       242        
8.4       243        
8.5       244        
8.5       245        
8.5       246        
8.6       247        
8.6       248        
8.7       249        
8.7       250        
8.7       251        
8.7       252        
8.8       253        
8.8       254        
8.9       255        
8.9       256        
9.0       257        
9.0       258        
9.0       259        
9.0       260        
9.1       261        
9.1       262        
9.1       263        
9.2       264        
9.2       265        
9.3       266        
9.3       267        
9.3       268        
9.4       269        
9.4       270        
9.4       271        
9.5       272        
9.5       273        
9.5       274        
9.6       275        
9.6       276        
9.6       277        
9.7       278        
9.7       279        
9.8       280        
9.8       281        
9.8       282        
9.9       283        
9.9       284        
9.9       285        
10.0      286        
10.0      287        
10.0      288        
10.1      289        
10.1      290        
10.2      291        
10.2      292        
10.2      293        
10.3      294        
10.3      295        
10.3      296        
