6.0       1          
6.0       2          
2.3       3          
2.2       4          
2.1       5          
2.1       6          
2.0       7          
2.0       8          
1.9       9          
1.9       10         
1.9       11         
1.9       12         
1.8       13         
1.9       14         
1.9       15         
1.9       16         
2.0       17         
2.0       18         
2.1       19         
2.1       20         
2.2       21         
2.2       22         
2.2       23         
2.2       24         
2.2       25         
2.3       26         
2.3       27         
2.3       28         
2.4       29         
2.5       30         
2.6       31         
2.6       32         
2.6       33         
2.6       34         
2.6       35         
2.7       36         
2.7       37         
2.8       38         
2.9       39         
2.9       40         
3.0       41         
3.0       42         
3.0       43         
3.0       44         
3.1       45         
3.2       46         
3.2       47         
3.3       48         
3.3       49         
3.4       50         
3.4       51         
3.4       52         
3.5       53         
3.5       54         
3.6       55         
3.7       56         
3.7       57         
3.7       58         
3.7       59         
3.8       60         
3.8       61         
3.9       62         
4.0       63         
4.0       64         
4.0       65         
4.1       66         
4.2       67         
4.2       68         
4.3       69         
4.3       70         
4.3       71         
4.4       72         
4.5       73         
4.5       74         
4.6       75         
4.6       76         
4.6       77         
4.6       78         
4.8       79         
4.9       80         
4.9       81         
4.9       82         
4.9       83         
5.0       84         
5.1       85         
5.2       86         
5.1       87         
5.2       88         
5.2       89         
5.3       90         
5.4       91         
5.4       92         
5.4       93         
5.5       94         
5.6       95         
5.6       96         
5.6       97         
5.6       98         
5.7       99         
5.8       100        
5.8       101        
5.9       102        
6.0       103        
6.0       104        
6.0       105        
6.0       106        
6.1       107        
6.2       108        
6.2       109        
6.2       110        
6.3       111        
6.4       112        
6.5       113        
6.5       114        
6.5       115        
6.7       116        
6.7       117        
6.6       118        
6.7       119        
6.8       120        
6.9       121        
6.8       122        
6.9       123        
7.0       124        
7.0       125        
7.0       126        
7.1       127        
7.2       128        
7.2       129        
7.2       130        
7.4       131        
7.4       132        
7.4       133        
7.5       134        
7.6       135        
7.6       136        
7.6       137        
7.7       138        
7.7       139        
7.8       140        
7.9       141        
7.9       142        
7.9       143        
7.9       144        
8.0       145        
8.1       146        
8.1       147        
8.2       148        
8.2       149        
8.2       150        
8.4       151        
8.4       152        
8.4       153        
8.5       154        
8.5       155        
8.6       156        
8.7       157        
8.7       158        
8.7       159        
8.8       160        
8.9       161        
8.8       162        
9.0       163        
9.0       164        
9.0       165        
9.1       166        
9.2       167        
9.1       168        
9.3       169        
9.3       170        
9.4       171        
9.4       172        
9.4       173        
9.5       174        
9.6       175        
9.5       176        
9.6       177        
9.7       178        
9.7       179        
9.9       180        
9.8       181        
9.9       182        
10.0      183        
10.0      184        
10.0      185        
10.1      186        
10.1      187        
10.2      188        
10.2      189        
10.3      190        
10.4      191        
10.4      192        
10.5      193        
10.5      194        
10.5      195        
10.6      196        
10.6      197        
10.8      198        
10.7      199        
10.8      200        
10.9      201        
10.9      202        
11.0      203        
11.0      204        
11.1      205        
11.1      206        
11.2      207        
11.2      208        
11.2      209        
11.3      210        
11.3      211        
11.4      212        
11.5      213        
11.5      214        
11.6      215        
11.6      216        
11.7      217        
11.7      218        
11.8      219        
11.8      220        
11.8      221        
11.9      222        
12.0      223        
12.0      224        
12.0      225        
12.2      226        
12.1      227        
12.2      228        
12.2      229        
12.3      230        
12.4      231        
12.5      232        
12.4      233        
12.5      234        
12.6      235        
12.6      236        
12.7      237        
12.7      238        
12.8      239        
12.8      240        
12.9      241        
12.9      242        
13.0      243        
13.0      244        
13.1      245        
13.1      246        
13.2      247        
13.2      248        
13.2      249        
13.3      250        
13.4      251        
13.4      252        
13.5      253        
13.5      254        
13.6      255        
13.6      256        
13.7      257        
13.6      258        
13.8      259        
13.8      260        
13.9      261        
13.9      262        
