0.3       1          
0.2       2          
0.1       3          
0.1       4          
0.1       5          
0.2       6          
0.2       7          
0.2       8          
0.3       9          
0.4       10         
0.4       11         
0.4       12         
0.5       13         
0.5       14         
0.6       15         
0.7       16         
0.7       17         
0.8       18         
0.8       19         
0.9       20         
0.9       21         
1.0       22         
1.1       23         
1.1       24         
1.1       25         
1.2       26         
1.3       27         
1.3       28         
1.3       29         
1.4       30         
1.5       31         
1.5       32         
1.5       33         
1.6       34         
1.6       35         
1.7       36         
1.8       37         
1.8       38         
1.9       39         
1.9       40         
2.0       41         
2.0       42         
2.1       43         
2.2       44         
2.3       45         
2.3       46         
2.4       47         
2.4       48         
2.5       49         
2.6       50         
2.6       51         
2.7       52         
2.7       53         
2.7       54         
2.8       55         
2.8       56         
2.9       57         
2.9       58         
3.0       59         
3.1       60         
3.1       61         
3.2       62         
3.3       63         
3.3       64         
3.4       65         
3.4       66         
3.4       67         
3.5       68         
3.5       69         
3.6       70         
3.7       71         
3.8       72         
3.8       73         
3.9       74         
3.9       75         
4.0       76         
4.0       77         
4.1       78         
4.1       79         
4.2       80         
4.3       81         
4.3       82         
4.4       83         
4.5       84         
4.5       85         
4.5       86         
4.5       87         
4.6       88         
4.7       89         
4.8       90         
4.8       91         
4.9       92         
4.9       93         
4.9       94         
5.0       95         
5.1       96         
5.2       97         
5.2       98         
5.2       99         
5.3       100        
5.3       101        
5.4       102        
5.5       103        
5.5       104        
5.6       105        
5.6       106        
5.7       107        
5.7       108        
5.8       109        
5.9       110        
5.9       111        
5.9       112        
5.9       113        
6.1       114        
6.2       115        
6.2       116        
6.2       117        
6.2       118        
6.3       119        
6.4       120        
6.5       121        
6.5       122        
6.5       123        
6.6       124        
6.7       125        
6.8       126        
6.8       127        
6.8       128        
6.9       129        
7.0       130        
7.0       131        
7.1       132        
7.1       133        
7.2       134        
7.3       135        
7.3       136        
7.3       137        
7.4       138        
7.5       139        
7.5       140        
7.6       141        
7.6       142        
7.6       143        
7.8       144        
7.8       145        
7.8       146        
7.9       147        
8.0       148        
8.0       149        
8.0       150        
8.1       151        
8.2       152        
8.2       153        
8.2       154        
8.3       155        
8.4       156        
8.4       157        
8.4       158        
8.5       159        
8.6       160        
8.7       161        
8.7       162        
8.8       163        
8.8       164        
8.8       165        
8.9       166        
9.0       167        
9.0       168        
9.1       169        
9.2       170        
9.2       171        
9.2       172        
9.3       173        
9.4       174        
9.4       175        
9.4       176        
9.6       177        
9.6       178        
9.6       179        
9.7       180        
9.8       181        
9.8       182        
9.8       183        
9.9       184        
10.0      185        
10.0      186        
10.1      187        
10.1      188        
10.1      189        
10.2      190        
10.3      191        
10.3      192        
10.5      193        
10.5      194        
10.5      195        
10.6      196        
10.7      197        
10.6      198        
10.7      199        
10.8      200        
10.8      201        
10.9      202        
11.0      203        
11.0      204        
11.1      205        
11.1      206        
11.1      207        
11.2      208        
11.3      209        
11.3      210        
11.4      211        
11.4      212        
11.5      213        
11.6      214        
11.6      215        
11.6      216        
11.7      217        
11.7      218        
11.9      219        
11.9      220        
11.9      221        
12.0      222        
12.0      223        
12.1      224        
12.2      225        
12.2      226        
12.2      227        
12.3      228        
12.4      229        
12.5      230        
12.4      231        
12.5      232        
12.6      233        
12.6      234        
12.7      235        
12.7      236        
12.8      237        
12.9      238        
12.9      239        
13.0      240        
13.0      241        
13.1      242        
13.1      243        
13.1      244        
13.2      245        
13.3      246        
13.4      247        
13.4      248        
13.5      249        
13.5      250        
13.5      251        
13.6      252        
13.6      253        
13.7      254        
13.8      255        
13.9      256        
13.9      257        
13.9      258        
14.0      259        
14.0      260        
14.1      261        
14.1      262        
14.2      263        
14.3      264        
14.3      265        
14.4      266        
14.4      267        
14.5      268        
14.5      269        
14.6      270        
14.6      271        
14.7      272        
14.7      273        
14.8      274        
14.8      275        
14.9      276        
15.0      277        
15.0      278        
15.1      279        
15.1      280        
15.2      281        
15.2      282        
15.3      283        
15.3      284        
15.4      285        
15.4      286        
15.5      287        
15.5      288        
15.6      289        
15.6      290        
15.7      291        
15.7      292        
15.8      293        
15.8      294        
16.0      295        
16.0      296        
16.1      297        
16.1      298        
16.2      299        
16.2      300        
16.3      301        
16.3      302        
16.4      303        
16.4      304        
16.5      305        
16.5      306        
16.6      307        
16.6      308        
16.7      309        
16.7      310        
16.8      311        
16.8      312        
16.9      313        
16.9      314        
17.0      315        
17.1      316        
17.1      317        
17.2      318        
17.2      319        
17.3      320        
17.3      321        
17.4      322        
17.4      323        
17.5      324        
17.5      325        
17.6      326        
17.7      327        
17.7      328        
17.8      329        
17.8      330        
17.9      331        
17.9      332        
18.0      333        
18.0      334        
18.1      335        
18.1      336        
18.1      337        
18.2      338        
18.3      339        
18.3      340        
18.4      341        
18.4      342        
18.5      343        
18.5      344        
18.6      345        
18.6      346        
18.7      347        
18.8      348        
18.9      349        
18.9      350        
19.0      351        
19.0      352        
19.1      353        
19.1      354        
19.2      355        
19.2      356        
19.2      357        
19.3      358        
19.3      359        
19.4      360        
19.5      361        
19.5      362        
19.6      363        
19.6      364        
19.7      365        
19.8      366        
19.8      367        
19.9      368        
19.9      369        
19.9      370        
20.0      371        
20.0      372        
20.1      373        
20.2      374        
20.2      375        
20.3      376        
20.4      377        
20.4      378        
20.4      379        
20.5      380        
20.5      381        
20.6      382        
20.6      383        
20.7      384        
20.8      385        
20.8      386        
20.9      387        
20.9      388        
