5.5       1          
5.5       2          
5.5       3          
5.5       4          
5.5       5          
5.5       6          
5.5       7          
5.5       8          
5.4       9          
5.4       10         
5.4       11         
5.4       12         
5.4       13         
5.4       14         
5.4       15         
5.4       16         
5.4       17         
5.4       18         
5.4       19         
5.4       20         
5.3       21         
5.3       22         
5.3       23         
5.3       24         
5.3       25         
5.3       26         
5.3       27         
5.3       28         
5.3       29         
5.3       30         
5.2       31         
5.3       32         
5.3       33         
5.3       34         
5.3       35         
5.3       36         
5.3       37         
5.2       38         
5.2       39         
5.2       40         
5.2       41         
5.2       42         
5.2       43         
5.2       44         
5.2       45         
5.2       46         
5.2       47         
5.2       48         
5.1       49         
5.1       50         
5.1       51         
5.1       52         
5.1       53         
5.1       54         
5.1       55         
5.1       56         
5.1       57         
5.1       58         
5.1       59         
5.0       60         
5.0       61         
5.0       62         
5.0       63         
5.1       64         
5.1       65         
4.9       66         
5.0       67         
4.9       68         
4.9       69         
4.9       70         
4.9       71         
4.9       72         
4.9       73         
5.0       74         
4.9       75         
4.9       76         
4.9       77         
4.9       78         
4.9       79         
4.9       80         
4.9       81         
4.9       82         
4.9       83         
4.9       84         
4.9       85         
4.9       86         
4.3       87         
3.8       88         
3.8       89         
3.8       90         
3.8       91         
3.3       92         
2.4       93         
2.3       94         
1.9       95         
1.9       96         
1.9       97         
1.9       98         
1.9       99         
1.6       100        
1.2       101        
1.2       102        
1.2       103        
1.2       104        
1.2       105        
1.2       106        
1.1       107        
1.2       108        
1.2       109        
1.2       110        
1.1       111        
1.1       112        
1.1       113        
1.1       114        
1.1       115        
1.1       116        
1.1       117        
1.1       118        
1.1       119        
1.0       120        
1.1       121        
1.1       122        
1.0       123        
1.0       124        
1.0       125        
1.0       126        
1.0       127        
1.0       128        
1.0       129        
1.0       130        
1.0       131        
1.0       132        
1.0       133        
1.0       134        
1.0       135        
1.0       136        
1.0       137        
1.0       138        
1.0       139        
0.9       140        
1.0       141        
1.0       142        
0.9       143        
0.9       144        
0.9       145        
0.9       146        
0.9       147        
0.9       148        
0.9       149        
0.9       150        
0.9       151        
0.9       152        
0.9       153        
0.9       154        
0.9       155        
0.8       156        
0.8       157        
0.9       158        
0.9       159        
0.8       160        
0.8       161        
0.9       162        
0.9       163        
0.8       164        
0.8       165        
0.8       166        
0.8       167        
0.8       168        
0.8       169        
0.8       170        
0.8       171        
0.8       172        
0.8       173        
0.8       174        
0.8       175        
0.8       176        
0.8       177        
0.8       178        
0.8       179        
0.7       180        
0.8       181        
0.8       182        
0.8       183        
0.7       184        
0.8       185        
0.8       186        
0.8       187        
0.7       188        
0.7       189        
0.7       190        
0.7       191        
0.7       192        
0.7       193        
0.7       194        
0.7       195        
0.7       196        
0.7       197        
0.7       198        
0.7       199        
0.7       200        
0.7       201        
0.7       202        
0.7       203        
0.7       204        
0.7       205        
0.7       206        
0.7       207        
0.6       208        
0.7       209        
0.7       210        
0.7       211        
0.6       212        
0.7       213        
0.7       214        
0.7       215        
0.6       216        
0.7       217        
0.6       218        
0.6       219        
0.6       220        
0.6       221        
0.6       222        
0.6       223        
0.6       224        
0.6       225        
0.6       226        
0.6       227        
0.6       228        
0.6       229        
0.6       230        
0.6       231        
0.6       232        
0.6       233        
0.6       234        
0.6       235        
0.6       236        
0.6       237        
0.6       238        
0.5       239        
0.6       240        
0.6       241        
0.6       242        
0.5       243        
0.6       244        
0.6       245        
0.5       246        
0.5       247        
0.5       248        
0.6       249        
0.5       250        
0.5       251        
0.5       252        
0.6       253        
0.5       254        
0.5       255        
0.5       256        
0.5       257        
0.5       258        
0.5       259        
0.5       260        
0.5       261        
0.5       262        
0.5       263        
0.5       264        
0.5       265        
0.5       266        
0.5       267        
0.5       268        
0.5       269        
0.5       270        
0.5       271        
0.5       272        
0.5       273        
0.5       274        
0.5       275        
0.5       276        
0.4       277        
0.4       278        
0.5       279        
0.5       280        
0.4       281        
0.5       282        
0.5       283        
0.5       284        
0.4       285        
0.4       286        
0.5       287        
0.4       288        
0.4       289        
0.4       290        
0.4       291        
0.4       292        
0.4       293        
0.4       294        
0.4       295        
0.4       296        
0.4       297        
0.4       298        
0.4       299        
0.4       300        
0.4       301        
0.4       302        
0.4       303        
0.4       304        
0.4       305        
0.4       306        
0.4       307        
0.4       308        
0.4       309        
0.4       310        
0.4       311        
0.4       312        
0.4       313        
0.4       314        
0.3       315        
0.4       316        
0.4       317        
0.4       318        
0.3       319        
0.4       320        
0.4       321        
0.3       322        
0.3       323        
0.4       324        
0.4       325        
0.3       326        
0.3       327        
0.4       328        
0.4       329        
0.3       330        
0.3       331        
0.3       332        
0.3       333        
0.3       334        
0.3       335        
0.3       336        
0.3       337        
0.3       338        
0.3       339        
0.3       340        
0.3       341        
0.3       342        
0.3       343        
0.3       344        
0.5       345        
0.7       346        
0.7       347        
0.7       348        
0.7       349        
0.7       350        
0.7       351        
0.6       352        
0.6       353        
0.7       354        
0.7       355        
0.7       356        
0.6       357        
0.7       358        
0.7       359        
0.6       360        
0.6       361        
0.7       362        
0.7       363        
0.6       364        
0.6       365        
0.7       366        
0.6       367        
0.6       368        
0.6       369        
0.6       370        
0.6       371        
0.6       372        
0.6       373        
0.6       374        
0.6       375        
0.6       376        
0.6       377        
0.6       378        
0.6       379        
0.6       380        
0.6       381        
0.6       382        
0.6       383        
0.6       384        
0.6       385        
0.6       386        
0.6       387        
0.6       388        
0.6       389        
0.6       390        
0.6       391        
0.6       392        
0.6       393        
0.6       394        
0.6       395        
0.5       396        
0.3       397        
0.2       398        
0.1       399        
0.1       400        
0.2       401        
0.2       402        
0.2       403        
0.3       404        
0.3       405        
0.3       406        
0.3       407        
0.4       408        
0.4       409        
0.4       410        
0.4       411        
0.5       412        
0.5       413        
0.5       414        
0.5       415        
0.4       416        
0.2       417        
0.1       418        
0.0       419        
0.0       420        
0.0       421        
0.0       422        
0.0       423        
0.0       424        
0.1       425        
0.2       426        
0.2       427        
0.3       428        
0.4       429        
0.5       430        
0.6       431        
0.6       432        
0.7       433        
0.8       434        
0.9       435        
0.9       436        
1.0       437        
1.1       438        
1.2       439        
1.2       440        
1.3       441        
1.4       442        
1.5       443        
1.5       444        
1.6       445        
1.7       446        
1.8       447        
1.8       448        
1.9       449        
2.0       450        
2.0       451        
2.1       452        
2.1       453        
2.3       454        
2.3       455        
2.4       456        
2.5       457        
2.5       458        
2.6       459        
2.7       460        
2.8       461        
2.9       462        
2.9       463        
2.9       464        
3.0       465        
3.1       466        
3.2       467        
3.3       468        
3.3       469        
3.4       470        
3.5       471        
3.5       472        
3.6       473        
3.7       474        
3.8       475        
3.8       476        
3.9       477        
4.0       478        
4.1       479        
4.1       480        
4.2       481        
4.3       482        
4.3       483        
4.4       484        
4.5       485        
4.5       486        
4.6       487        
4.7       488        
4.8       489        
4.9       490        
4.9       491        
4.9       492        
5.0       493        
5.1       494        
5.2       495        
5.3       496        
5.4       497        
5.4       498        
5.5       499        
5.6       500        
5.6       501        
5.7       502        
5.8       503        
5.9       504        
5.9       505        
6.0       506        
6.1       507        
6.1       508        
6.2       509        
6.3       510        
6.4       511        
6.4       512        
6.5       513        
6.5       514        
6.6       515        
6.7       516        
6.8       517        
6.8       518        
6.9       519        
7.0       520        
7.0       521        
7.1       522        
7.2       523        
7.2       524        
7.4       525        
7.4       526        
7.5       527        
7.6       528        
7.6       529        
7.7       530        
7.8       531        
7.8       532        
7.9       533        
8.0       534        
8.1       535        
8.1       536        
8.2       537        
8.3       538        
8.3       539        
8.5       540        
8.5       541        
8.6       542        
8.6       543        
8.7       544        
8.8       545        
8.8       546        
8.9       547        
9.0       548        
9.1       549        
9.1       550        
9.2       551        
9.3       552        
9.3       553        
9.4       554        
9.4       555        
9.5       556        
9.6       557        
9.7       558        
9.7       559        
9.8       560        
9.8       561        
9.9       562        
10.0      563        
10.0      564        
10.2      565        
10.3      566        
10.3      567        
10.4      568        
10.5      569        
10.5      570        
10.6      571        
10.6      572        
10.7      573        
10.8      574        
10.9      575        
10.9      576        
11.0      577        
11.0      578        
11.1      579        
11.2      580        
11.3      581        
11.4      582        
11.4      583        
11.5      584        
11.5      585        
11.6      586        
11.7      587        
11.7      588        
11.8      589        
12.0      590        
12.0      591        
12.1      592        
12.1      593        
12.2      594        
12.2      595        
12.3      596        
12.4      597        
12.5      598        
12.6      599        
12.6      600        
12.7      601        
12.7      602        
12.8      603        
12.9      604        
13.0      605        
13.0      606        
13.1      607        
13.2      608        
13.2      609        
13.3      610        
13.4      611        
13.5      612        
13.5      613        
13.6      614        
13.6      615        
13.7      616        
13.9      617        
13.9      618        
13.9      619        
14.0      620        
14.1      621        
14.2      622        
14.2      623        
14.3      624        
14.3      625        
14.4      626        
14.5      627        
14.6      628        
14.6      629        
14.7      630        
14.8      631        
14.8      632        
14.9      633        
15.0      634        
15.0      635        
15.2      636        
15.2      637        
15.3      638        
15.3      639        
15.4      640        
15.5      641        
15.5      642        
15.6      643        
15.6      644        
15.7      645        
15.9      646        
15.9      647        
16.0      648        
16.0      649        
16.1      650        
16.2      651        
16.2      652        
16.3      653        
16.4      654        
16.4      655        
16.5      656        
16.6      657        
16.7      658        
16.7      659        
16.8      660        
16.9      661        
17.0      662        
17.0      663        
17.0      664        
17.1      665        
17.2      666        
17.3      667        
17.4      668        
17.5      669        
17.5      670        
17.5      671        
17.6      672        
17.7      673        
17.7      674        
17.8      675        
17.9      676        
18.0      677        
18.1      678        
18.2      679        
18.2      680        
18.3      681        
18.4      682        
18.4      683        
18.5      684        
18.5      685        
18.6      686        
18.6      687        
18.8      688        
18.8      689        
18.9      690        
19.0      691        
19.0      692        
19.1      693        
19.2      694        
19.2      695        
19.3      696        
19.4      697        
19.4      698        
19.5      699        
19.6      700        
19.7      701        
19.7      702        
19.8      703        
19.8      704        
19.9      705        
20.0      706        
20.0      707        
20.1      708        
20.2      709        
20.2      710        
20.4      711        
20.4      712        
20.5      713        
20.6      714        
20.6      715        
20.7      716        
20.8      717        
20.8      718        
20.9      719        
20.9      720        
21.0      721        
21.1      722        
21.2      723        
21.3      724        
21.3      725        
21.4      726        
21.5      727        
21.6      728        
21.6      729        
21.7      730        
21.7      731        
21.8      732        
21.9      733        
21.9      734        
22.0      735        
22.1      736        
22.2      737        
22.2      738        
22.3      739        
22.4      740        
22.4      741        
22.5      742        
22.6      743        
22.6      744        
22.7      745        
22.7      746        
22.8      747        
22.9      748        
23.0      749        
23.1      750        
23.2      751        
23.2      752        
23.3      753        
23.3      754        
23.4      755        
23.5      756        
23.5      757        
23.6      758        
23.7      759        
23.7      760        
23.8      761        
23.9      762        
24.0      763        
24.0      764        
24.1      765        
24.2      766        
24.2      767        
