8.8       1          
8.6       2          
8.5       3          
8.2       4          
8.1       5          
8.0       6          
7.9       7          
7.8       8          
7.7       9          
7.6       10         
7.4       11         
7.3       12         
7.3       13         
7.2       14         
7.1       15         
7.1       16         
7.0       17         
6.9       18         
6.8       19         
6.8       20         
6.7       21         
6.6       22         
6.6       23         
6.5       24         
6.5       25         
6.4       26         
6.3       27         
6.3       28         
6.2       29         
6.2       30         
6.2       31         
6.1       32         
6.1       33         
6.0       34         
6.0       35         
5.9       36         
5.9       37         
5.9       38         
5.8       39         
5.8       40         
5.7       41         
5.7       42         
5.7       43         
5.6       44         
5.6       45         
5.6       46         
5.6       47         
5.5       48         
5.5       49         
5.4       50         
5.4       51         
5.4       52         
5.3       53         
5.3       54         
5.3       55         
5.3       56         
5.3       57         
5.2       58         
5.2       59         
5.2       60         
5.1       61         
5.1       62         
5.1       63         
5.1       64         
5.1       65         
5.0       66         
5.0       67         
5.0       68         
4.9       69         
4.9       70         
4.9       71         
4.9       72         
4.9       73         
4.8       74         
4.8       75         
4.8       76         
4.8       77         
4.7       78         
4.7       79         
4.7       80         
4.7       81         
4.7       82         
4.7       83         
4.6       84         
4.6       85         
4.6       86         
4.6       87         
4.5       88         
4.5       89         
4.5       90         
4.5       91         
4.5       92         
4.5       93         
4.5       94         
4.4       95         
4.4       96         
4.4       97         
4.4       98         
4.4       99         
4.4       100        
4.4       101        
4.3       102        
4.3       103        
4.3       104        
4.3       105        
4.3       106        
4.3       107        
4.3       108        
4.2       109        
4.2       110        
4.2       111        
4.2       112        
4.2       113        
4.2       114        
4.2       115        
4.2       116        
4.2       117        
4.1       118        
4.1       119        
4.1       120        
4.1       121        
4.1       122        
4.1       123        
4.1       124        
4.1       125        
4.0       126        
4.0       127        
4.0       128        
4.0       129        
4.0       130        
4.0       131        
4.0       132        
3.9       133        
3.9       134        
3.9       135        
4.0       136        
3.9       137        
3.9       138        
3.9       139        
3.9       140        
3.9       141        
3.9       142        
3.9       143        
3.9       144        
3.9       145        
3.8       146        
3.8       147        
3.8       148        
3.8       149        
3.8       150        
3.8       151        
3.8       152        
3.8       153        
3.7       154        
3.7       155        
3.7       156        
3.8       157        
3.8       158        
3.7       159        
3.7       160        
3.7       161        
3.7       162        
3.7       163        
3.7       164        
3.7       165        
3.7       166        
3.6       167        
3.6       168        
3.6       169        
3.7       170        
3.7       171        
3.6       172        
3.6       173        
3.6       174        
3.6       175        
3.6       176        
3.6       177        
3.6       178        
3.6       179        
3.6       180        
3.5       181        
3.6       182        
3.6       183        
3.6       184        
3.5       185        
3.5       186        
3.5       187        
3.5       188        
3.5       189        
3.5       190        
3.5       191        
3.5       192        
3.5       193        
3.4       194        
3.5       195        
3.5       196        
3.5       197        
3.5       198        
3.4       199        
3.4       200        
3.4       201        
3.4       202        
3.4       203        
3.4       204        
3.4       205        
3.4       206        
3.4       207        
3.4       208        
3.4       209        
3.4       210        
3.4       211        
3.4       212        
3.3       213        
3.4       214        
3.4       215        
3.4       216        
3.4       217        
3.3       218        
3.3       219        
3.3       220        
3.3       221        
3.3       222        
3.3       223        
3.3       224        
3.3       225        
3.3       226        
3.3       227        
3.3       228        
3.3       229        
3.3       230        
3.3       231        
3.3       232        
3.3       233        
3.3       234        
3.3       235        
3.3       236        
3.2       237        
3.2       238        
3.2       239        
3.2       240        
3.3       241        
3.2       242        
3.2       243        
3.2       244        
3.2       245        
3.2       246        
3.2       247        
3.2       248        
3.2       249        
3.2       250        
3.2       251        
3.2       252        
3.2       253        
3.2       254        
3.2       255        
3.1       256        
3.2       257        
3.2       258        
3.2       259        
3.2       260        
3.1       261        
3.1       262        
3.1       263        
3.2       264        
3.2       265        
3.1       266        
3.1       267        
3.1       268        
3.1       269        
3.1       270        
3.1       271        
3.1       272        
3.1       273        
3.1       274        
3.1       275        
3.1       276        
3.1       277        
3.1       278        
3.1       279        
3.1       280        
3.1       281        
3.1       282        
3.1       283        
3.1       284        
3.0       285        
3.0       286        
3.1       287        
3.1       288        
3.1       289        
3.1       290        
3.0       291        
3.0       292        
3.0       293        
3.1       294        
3.1       295        
3.0       296        
3.0       297        
3.0       298        
3.0       299        
3.0       300        
3.0       301        
3.0       302        
3.0       303        
3.0       304        
3.0       305        
3.0       306        
3.0       307        
3.0       308        
3.0       309        
3.0       310        
3.0       311        
3.0       312        
3.0       313        
3.0       314        
3.0       315        
3.0       316        
3.0       317        
3.0       318        
3.0       319        
3.0       320        
3.0       321        
3.0       322        
3.0       323        
3.0       324        
3.0       325        
2.9       326        
2.9       327        
2.9       328        
3.0       329        
3.0       330        
3.0       331        
2.9       332        
2.9       333        
2.9       334        
2.9       335        
3.0       336        
2.9       337        
2.9       338        
2.9       339        
2.9       340        
2.9       341        
2.9       342        
2.9       343        
2.9       344        
2.9       345        
2.9       346        
2.9       347        
2.9       348        
2.9       349        
2.9       350        
2.9       351        
2.9       352        
2.9       353        
2.9       354        
2.9       355        
2.9       356        
2.9       357        
2.9       358        
2.9       359        
2.9       360        
2.9       361        
2.9       362        
2.9       363        
2.9       364        
2.9       365        
2.9       366        
2.8       367        
2.8       368        
2.9       369        
2.9       370        
2.9       371        
2.9       372        
2.8       373        
2.8       374        
2.9       375        
2.9       376        
2.9       377        
2.8       378        
2.8       379        
2.8       380        
2.7       381        
2.5       382        
2.4       383        
2.3       384        
2.2       385        
2.1       386        
2.1       387        
2.1       388        
2.1       389        
2.2       390        
2.3       391        
2.3       392        
2.4       393        
2.4       394        
2.5       395        
2.5       396        
2.6       397        
2.6       398        
2.6       399        
2.7       400        
2.7       401        
2.8       402        
2.8       403        
2.9       404        
2.9       405        
3.0       406        
3.1       407        
3.1       408        
3.1       409        
3.2       410        
3.2       411        
3.2       412        
3.4       413        
3.4       414        
3.4       415        
3.5       416        
3.5       417        
3.5       418        
3.6       419        
3.7       420        
3.7       421        
3.8       422        
3.8       423        
3.8       424        
3.9       425        
3.9       426        
4.1       427        
4.1       428        
4.1       429        
4.2       430        
4.2       431        
4.2       432        
4.3       433        
4.4       434        
4.4       435        
4.5       436        
4.5       437        
4.5       438        
4.6       439        
4.6       440        
4.7       441        
4.8       442        
4.8       443        
4.9       444        
4.9       445        
4.9       446        
5.0       447        
5.0       448        
5.1       449        
5.1       450        
5.2       451        
5.2       452        
5.3       453        
5.3       454        
5.4       455        
5.4       456        
5.5       457        
5.5       458        
5.5       459        
5.6       460        
5.6       461        
5.7       462        
5.8       463        
5.8       464        
5.9       465        
5.9       466        
6.0       467        
6.0       468        
6.0       469        
6.1       470        
6.1       471        
6.2       472        
6.2       473        
6.3       474        
6.3       475        
6.4       476        
6.5       477        
6.5       478        
6.6       479        
6.6       480        
6.7       481        
6.7       482        
6.7       483        
6.8       484        
6.8       485        
6.9       486        
6.9       487        
7.0       488        
7.0       489        
7.0       490        
7.1       491        
7.2       492        
7.2       493        
7.2       494        
7.3       495        
7.3       496        
7.4       497        
7.4       498        
7.5       499        
7.6       500        
7.6       501        
7.6       502        
7.7       503        
7.7       504        
7.8       505        
7.8       506        
7.9       507        
7.9       508        
8.0       509        
8.0       510        
8.1       511        
8.1       512        
8.2       513        
8.2       514        
8.2       515        
8.3       516        
8.4       517        
8.4       518        
8.5       519        
8.5       520        
8.5       521        
8.6       522        
8.6       523        
8.7       524        
8.7       525        
8.8       526        
8.8       527        
8.9       528        
8.9       529        
8.9       530        
9.0       531        
9.1       532        
9.1       533        
9.1       534        
9.2       535        
9.2       536        
9.3       537        
9.3       538        
9.4       539        
9.5       540        
9.5       541        
9.6       542        
9.6       543        
9.6       544        
9.7       545        
9.7       546        
9.8       547        
9.9       548        
9.9       549        
9.9       550        
10.0      551        
10.0      552        
10.0      553        
10.1      554        
10.1      555        
10.2      556        
10.3      557        
10.3      558        
10.4      559        
10.4      560        
10.4      561        
10.5      562        
10.5      563        
10.6      564        
10.6      565        
10.7      566        
10.7      567        
10.8      568        
10.8      569        
10.9      570        
10.9      571        
11.0      572        
11.0      573        
11.1      574        
11.1      575        
11.2      576        
11.2      577        
11.2      578        
11.3      579        
11.3      580        
11.4      581        
11.5      582        
11.5      583        
11.6      584        
11.6      585        
11.6      586        
11.6      587        
11.7      588        
11.7      589        
11.8      590        
11.9      591        
11.9      592        
12.0      593        
12.0      594        
12.0      595        
12.1      596        
12.1      597        
12.2      598        
12.3      599        
12.3      600        
12.3      601        
12.4      602        
12.4      603        
12.4      604        
12.5      605        
12.5      606        
12.6      607        
12.7      608        
12.7      609        
12.7      610        
12.8      611        
12.8      612        
12.9      613        
12.9      614        
13.0      615        
13.0      616        
13.1      617        
13.1      618        
13.2      619        
13.2      620        
13.3      621        
13.3      622        
13.3      623        
13.4      624        
13.4      625        
13.5      626        
13.6      627        
13.6      628        
13.6      629        
13.7      630        
13.7      631        
13.7      632        
13.8      633        
13.8      634        
13.9      635        
14.0      636        
14.0      637        
14.1      638        
14.1      639        
14.1      640        
14.2      641        
14.2      642        
14.3      643        
14.3      644        
14.4      645        
14.4      646        
14.5      647        
14.5      648        
14.6      649        
14.6      650        
14.6      651        
14.7      652        
14.7      653        
14.8      654        
14.8      655        
14.9      656        
15.0      657        
15.0      658        
15.0      659        
15.0      660        
15.1      661        
15.2      662        
15.2      663        
15.3      664        
15.3      665        
15.4      666        
15.4      667        
