4.9       1          
4.9       2          
4.7       3          
4.6       4          
4.5       5          
4.4       6          
4.3       7          
4.2       8          
4.1       9          
3.9       10         
3.8       11         
3.8       12         
3.7       13         
3.6       14         
3.5       15         
3.5       16         
3.3       17         
3.3       18         
3.2       19         
3.1       20         
3.1       21         
3.0       22         
2.9       23         
2.9       24         
2.8       25         
2.8       26         
2.7       27         
2.7       28         
2.6       29         
2.6       30         
2.5       31         
2.5       32         
2.4       33         
2.4       34         
2.4       35         
2.3       36         
2.2       37         
2.2       38         
2.2       39         
2.1       40         
2.1       41         
2.1       42         
2.0       43         
2.0       44         
1.9       45         
1.9       46         
1.9       47         
1.9       48         
1.8       49         
1.8       50         
1.7       51         
1.7       52         
1.7       53         
1.7       54         
1.6       55         
1.6       56         
1.6       57         
1.6       58         
1.5       59         
1.5       60         
1.5       61         
1.4       62         
1.4       63         
1.4       64         
1.4       65         
1.4       66         
1.3       67         
1.3       68         
1.3       69         
1.2       70         
1.2       71         
1.2       72         
1.2       73         
1.2       74         
1.1       75         
1.1       76         
1.1       77         
1.1       78         
1.1       79         
1.0       80         
1.0       81         
1.0       82         
1.0       83         
0.9       84         
0.9       85         
0.9       86         
0.9       87         
0.9       88         
0.9       89         
0.8       90         
0.8       91         
0.8       92         
0.8       93         
0.8       94         
0.8       95         
0.8       96         
0.7       97         
0.7       98         
0.7       99         
0.7       100        
0.7       101        
0.6       102        
0.6       103        
0.6       104        
0.6       105        
0.6       106        
0.6       107        
0.6       108        
0.6       109        
0.5       110        
0.5       111        
0.5       112        
0.5       113        
0.5       114        
0.5       115        
0.5       116        
0.5       117        
0.4       118        
0.4       119        
0.4       120        
0.4       121        
0.4       122        
0.4       123        
0.4       124        
0.4       125        
0.3       126        
0.3       127        
0.3       128        
0.3       129        
0.3       130        
0.3       131        
0.3       132        
0.3       133        
0.2       134        
0.2       135        
0.2       136        
0.2       137        
0.2       138        
0.2       139        
0.2       140        
0.2       141        
0.2       142        
0.2       143        
0.1       144        
0.1       145        
0.1       146        
0.1       147        
0.1       148        
0.1       149        
0.1       150        
0.1       151        
0.1       152        
0.1       153        
0.1       154        
0.3       155        
1.1       156        
1.5       157        
1.5       158        
1.5       159        
1.4       160        
1.4       161        
1.4       162        
1.4       163        
1.4       164        
1.4       165        
1.4       166        
1.4       167        
1.4       168        
1.4       169        
1.4       170        
1.3       171        
1.3       172        
1.3       173        
1.3       174        
1.3       175        
1.3       176        
1.3       177        
1.3       178        
1.3       179        
1.3       180        
1.3       181        
1.3       182        
1.2       183        
1.2       184        
1.2       185        
1.2       186        
1.2       187        
1.2       188        
1.2       189        
1.2       190        
1.2       191        
1.2       192        
1.2       193        
1.2       194        
1.2       195        
1.2       196        
1.2       197        
1.1       198        
1.1       199        
1.1       200        
1.1       201        
1.1       202        
1.1       203        
1.1       204        
1.1       205        
1.1       206        
1.1       207        
1.1       208        
1.1       209        
1.1       210        
1.1       211        
1.1       212        
1.1       213        
1.1       214        
1.0       215        
1.0       216        
1.0       217        
1.0       218        
1.0       219        
1.0       220        
1.0       221        
1.0       222        
1.0       223        
1.0       224        
1.0       225        
1.0       226        
1.0       227        
1.0       228        
1.0       229        
1.0       230        
1.0       231        
0.9       232        
0.9       233        
0.9       234        
0.9       235        
0.8       236        
0.7       237        
0.5       238        
0.4       239        
0.4       240        
0.4       241        
0.4       242        
0.4       243        
0.4       244        
0.5       245        
0.5       246        
0.5       247        
0.6       248        
0.6       249        
0.6       250        
0.7       251        
0.7       252        
0.7       253        
0.8       254        
0.8       255        
0.8       256        
0.9       257        
0.9       258        
0.9       259        
1.0       260        
1.0       261        
1.0       262        
1.1       263        
1.1       264        
1.1       265        
1.2       266        
1.2       267        
1.2       268        
1.3       269        
1.3       270        
1.3       271        
1.3       272        
1.4       273        
1.4       274        
1.4       275        
1.5       276        
1.5       277        
1.5       278        
1.6       279        
1.6       280        
1.6       281        
1.7       282        
1.7       283        
1.7       284        
1.8       285        
1.8       286        
1.8       287        
1.8       288        
1.9       289        
1.9       290        
2.0       291        
2.0       292        
2.0       293        
2.0       294        
2.1       295        
2.1       296        
2.2       297        
2.2       298        
2.2       299        
2.2       300        
2.3       301        
2.3       302        
2.4       303        
2.4       304        
2.4       305        
2.4       306        
2.4       307        
2.5       308        
2.5       309        
2.6       310        
2.6       311        
2.6       312        
2.7       313        
2.7       314        
2.7       315        
2.8       316        
2.8       317        
2.8       318        
2.9       319        
2.9       320        
2.9       321        
3.0       322        
3.0       323        
3.0       324        
3.0       325        
3.1       326        
3.1       327        
3.1       328        
3.2       329        
3.2       330        
3.2       331        
3.3       332        
3.3       333        
3.3       334        
3.4       335        
3.4       336        
3.4       337        
3.5       338        
3.5       339        
3.5       340        
3.6       341        
3.6       342        
3.6       343        
3.7       344        
3.7       345        
3.7       346        
3.7       347        
3.8       348        
3.8       349        
3.8       350        
3.9       351        
3.9       352        
3.9       353        
3.9       354        
4.0       355        
4.0       356        
4.1       357        
4.1       358        
4.1       359        
4.1       360        
4.2       361        
4.2       362        
4.2       363        
4.3       364        
4.3       365        
4.3       366        
4.4       367        
4.4       368        
4.4       369        
4.5       370        
4.5       371        
4.5       372        
4.6       373        
4.6       374        
4.6       375        
4.7       376        
4.7       377        
4.7       378        
4.8       379        
4.8       380        
4.8       381        
4.8       382        
4.9       383        
4.9       384        
5.0       385        
5.0       386        
5.0       387        
5.0       388        
5.1       389        
5.1       390        
5.2       391        
5.2       392        
5.2       393        
5.3       394        
5.3       395        
5.3       396        
5.3       397        
5.4       398        
5.4       399        
5.5       400        
5.5       401        
5.5       402        
5.5       403        
5.6       404        
5.6       405        
5.6       406        
5.7       407        
5.7       408        
5.7       409        
5.8       410        
5.8       411        
5.8       412        
5.8       413        
5.9       414        
5.9       415        
5.9       416        
6.0       417        
6.0       418        
6.1       419        
6.0       420        
6.1       421        
6.2       422        
6.2       423        
6.2       424        
6.2       425        
6.3       426        
6.3       427        
6.3       428        
6.4       429        
6.4       430        
6.4       431        
6.4       432        
6.5       433        
6.5       434        
6.6       435        
6.6       436        
6.6       437        
6.7       438        
6.7       439        
6.7       440        
6.7       441        
6.8       442        
6.8       443        
6.8       444        
6.9       445        
6.9       446        
7.0       447        
7.0       448        
7.0       449        
7.0       450        
7.1       451        
7.1       452        
7.1       453        
7.2       454        
7.2       455        
7.2       456        
7.2       457        
7.3       458        
7.4       459        
7.4       460        
7.4       461        
7.4       462        
7.5       463        
7.5       464        
7.5       465        
7.6       466        
7.6       467        
7.6       468        
7.7       469        
7.7       470        
7.7       471        
7.7       472        
7.8       473        
7.9       474        
7.8       475        
7.9       476        
7.9       477        
7.9       478        
8.0       479        
8.0       480        
8.0       481        
8.1       482        
8.1       483        
8.1       484        
8.2       485        
8.2       486        
8.2       487        
8.3       488        
8.3       489        
8.3       490        
8.4       491        
8.4       492        
8.4       493        
8.5       494        
8.5       495        
8.5       496        
8.5       497        
8.6       498        
8.6       499        
8.7       500        
8.7       501        
8.7       502        
8.7       503        
8.8       504        
8.8       505        
8.8       506        
8.9       507        
8.9       508        
8.9       509        
9.0       510        
9.0       511        
9.1       512        
9.1       513        
9.1       514        
9.1       515        
9.2       516        
9.2       517        
9.2       518        
9.2       519        
9.3       520        
9.3       521        
9.4       522        
9.4       523        
9.4       524        
9.5       525        
9.5       526        
9.5       527        
9.5       528        
9.6       529        
9.6       530        
9.7       531        
9.7       532        
9.7       533        
9.7       534        
9.8       535        
9.8       536        
9.8       537        
9.9       538        
9.9       539        
9.9       540        
10.0      541        
10.0      542        
10.0      543        
10.1      544        
10.1      545        
10.2      546        
10.2      547        
10.2      548        
10.2      549        
10.3      550        
10.3      551        
