9.9       1          
9.9       2          
9.7       3          
9.6       4          
9.4       5          
9.3       6          
9.1       7          
9.0       8          
8.8       9          
8.8       10         
8.7       11         
8.6       12         
8.5       13         
8.3       14         
8.3       15         
8.2       16         
8.1       17         
8.1       18         
8.0       19         
7.9       20         
7.9       21         
7.8       22         
7.7       23         
7.7       24         
7.6       25         
7.6       26         
7.5       27         
7.5       28         
7.4       29         
7.3       30         
7.3       31         
7.2       32         
7.2       33         
7.2       34         
7.1       35         
7.1       36         
7.1       37         
7.0       38         
7.0       39         
6.9       40         
6.9       41         
6.9       42         
6.8       43         
6.8       44         
6.7       45         
6.7       46         
6.7       47         
6.6       48         
6.6       49         
6.6       50         
6.6       51         
6.5       52         
6.5       53         
6.5       54         
6.4       55         
6.4       56         
6.4       57         
6.4       58         
6.3       59         
6.3       60         
6.3       61         
6.3       62         
6.2       63         
6.2       64         
6.2       65         
6.2       66         
6.1       67         
6.1       68         
6.1       69         
6.1       70         
6.0       71         
6.0       72         
6.0       73         
6.0       74         
6.0       75         
5.9       76         
5.9       77         
5.9       78         
5.9       79         
5.9       80         
5.8       81         
5.8       82         
6.3       83         
6.8       84         
6.5       85         
4.7       86         
4.7       87         
4.7       88         
3.5       89         
3.5       90         
3.4       91         
2.6       92         
2.5       93         
2.4       94         
2.5       95         
1.8       96         
1.8       97         
1.8       98         
1.4       99         
1.0       100        
1.0       101        
1.0       102        
1.0       103        
1.0       104        
1.0       105        
0.9       106        
1.0       107        
0.9       108        
0.9       109        
0.9       110        
0.9       111        
0.9       112        
0.9       113        
0.9       114        
0.8       115        
0.8       116        
0.8       117        
0.8       118        
0.8       119        
0.8       120        
0.8       121        
0.7       122        
0.7       123        
0.7       124        
0.7       125        
0.7       126        
0.7       127        
0.7       128        
0.7       129        
0.7       130        
0.7       131        
0.6       132        
0.6       133        
0.6       134        
0.6       135        
0.6       136        
0.6       137        
0.6       138        
0.6       139        
0.5       140        
0.5       141        
0.5       142        
0.5       143        
0.5       144        
0.5       145        
0.5       146        
0.5       147        
0.5       148        
0.5       149        
0.5       150        
0.5       151        
0.4       152        
0.4       153        
0.4       154        
0.4       155        
0.4       156        
0.4       157        
0.4       158        
0.4       159        
0.4       160        
0.4       161        
0.4       162        
0.3       163        
0.3       164        
0.3       165        
0.3       166        
0.3       167        
0.3       168        
0.3       169        
0.3       170        
0.3       171        
0.3       172        
0.3       173        
0.2       174        
0.3       175        
0.2       176        
0.3       177        
0.2       178        
0.2       179        
0.2       180        
0.2       181        
0.2       182        
0.2       183        
0.2       184        
0.2       185        
0.2       186        
0.2       187        
0.2       188        
0.1       189        
0.1       190        
0.1       191        
0.1       192        
0.1       193        
0.1       194        
0.1       195        
0.1       196        
0.1       197        
0.1       198        
0.1       199        
0.1       200        
0.1       201        
0.1       202        
0.1       203        
0.1       204        
0.0       205        
0.1       206        
0.0       207        
0.0       208        
0.0       209        
0.0       210        
0.0       211        
0.0       212        
0.0       213        
0.0       214        
0.0       215        
0.0       216        
0.0       217        
0.0       218        
0.0       219        
0.0       220        
0.0       221        
0.0       222        
0.0       223        
0.0       224        
0.0       225        
0.0       226        
0.0       227        
0.0       228        
0.0       229        
0.0       230        
0.0       231        
0.0       232        
0.0       233        
0.0       234        
0.0       235        
0.0       236        
0.0       237        
0.0       238        
0.0       239        
0.0       240        
0.0       241        
0.0       242        
0.0       243        
0.0       244        
0.0       245        
0.0       246        
0.0       247        
0.0       248        
0.0       249        
0.0       250        
0.0       251        
0.0       252        
0.0       253        
0.0       254        
0.0       255        
0.0       256        
0.0       257        
0.0       258        
0.0       259        
0.0       260        
0.0       261        
0.0       262        
0.0       263        
0.0       264        
0.0       265        
0.0       266        
0.0       267        
0.0       268        
0.0       269        
0.0       270        
0.0       271        
0.0       272        
0.0       273        
0.0       274        
0.0       275        
0.0       276        
0.0       277        
0.0       278        
0.0       279        
0.0       280        
0.0       281        
0.0       282        
0.0       283        
0.0       284        
0.0       285        
1.7       286        
2.5       287        
2.5       288        
2.3       289        
1.2       290        
1.1       291        
1.0       292        
1.1       293        
1.1       294        
1.1       295        
1.1       296        
1.1       297        
1.1       298        
1.1       299        
1.1       300        
1.1       301        
1.1       302        
1.1       303        
1.1       304        
1.1       305        
1.1       306        
1.1       307        
1.1       308        
1.1       309        
1.1       310        
1.0       311        
1.0       312        
0.9       313        
0.7       314        
0.7       315        
0.7       316        
0.7       317        
2.3       318        
2.8       319        
3.3       320        
2.7       321        
2.1       322        
2.1       323        
2.1       324        
2.1       325        
2.1       326        
2.1       327        
2.1       328        
2.1       329        
2.1       330        
2.1       331        
2.0       332        
2.0       333        
2.1       334        
2.0       335        
2.1       336        
2.0       337        
2.0       338        
2.0       339        
2.0       340        
2.0       341        
2.0       342        
2.0       343        
2.0       344        
2.0       345        
2.0       346        
2.0       347        
2.0       348        
2.0       349        
2.0       350        
2.0       351        
2.0       352        
2.0       353        
2.0       354        
2.0       355        
2.0       356        
2.0       357        
2.0       358        
2.0       359        
2.0       360        
2.0       361        
2.0       362        
2.0       363        
2.0       364        
2.0       365        
2.0       366        
2.0       367        
2.0       368        
2.0       369        
2.0       370        
2.0       371        
1.9       372        
1.9       373        
2.0       374        
2.0       375        
2.0       376        
2.0       377        
1.9       378        
1.9       379        
2.0       380        
2.0       381        
2.0       382        
1.9       383        
1.9       384        
1.9       385        
2.0       386        
2.0       387        
1.9       388        
1.9       389        
1.9       390        
1.9       391        
2.0       392        
1.9       393        
1.9       394        
1.9       395        
1.9       396        
1.9       397        
1.9       398        
1.9       399        
1.9       400        
1.9       401        
1.9       402        
1.9       403        
1.9       404        
1.9       405        
1.9       406        
1.9       407        
1.9       408        
1.9       409        
1.9       410        
1.9       411        
1.9       412        
1.9       413        
1.9       414        
1.9       415        
1.9       416        
1.9       417        
1.9       418        
1.9       419        
1.9       420        
1.9       421        
1.9       422        
1.9       423        
1.9       424        
1.9       425        
1.9       426        
1.9       427        
1.9       428        
1.9       429        
1.9       430        
1.9       431        
1.9       432        
1.9       433        
1.9       434        
1.9       435        
1.9       436        
1.9       437        
1.9       438        
1.9       439        
1.8       440        
1.9       441        
1.9       442        
1.9       443        
1.9       444        
1.8       445        
1.8       446        
1.8       447        
1.9       448        
1.9       449        
1.9       450        
1.8       451        
1.8       452        
1.9       453        
1.9       454        
1.9       455        
1.8       456        
1.8       457        
1.8       458        
1.8       459        
1.8       460        
1.8       461        
1.8       462        
1.8       463        
1.8       464        
1.8       465        
1.8       466        
1.8       467        
1.8       468        
1.8       469        
1.8       470        
1.8       471        
1.8       472        
1.8       473        
1.8       474        
1.8       475        
1.8       476        
1.8       477        
1.8       478        
1.7       479        
1.7       480        
1.8       481        
1.7       482        
1.7       483        
1.7       484        
1.7       485        
1.7       486        
1.7       487        
1.7       488        
1.7       489        
1.7       490        
1.7       491        
1.7       492        
1.7       493        
1.7       494        
1.7       495        
1.7       496        
1.7       497        
1.7       498        
1.7       499        
1.7       500        
1.7       501        
1.7       502        
1.7       503        
1.7       504        
1.7       505        
1.7       506        
1.7       507        
1.7       508        
1.7       509        
1.7       510        
1.7       511        
1.7       512        
1.7       513        
1.7       514        
1.7       515        
1.7       516        
1.7       517        
1.7       518        
1.7       519        
1.7       520        
1.7       521        
1.7       522        
1.7       523        
1.7       524        
1.7       525        
1.7       526        
1.7       527        
1.7       528        
1.7       529        
1.7       530        
1.7       531        
1.7       532        
1.7       533        
1.7       534        
1.7       535        
1.7       536        
1.7       537        
1.7       538        
1.7       539        
1.7       540        
1.7       541        
1.7       542        
1.7       543        
1.7       544        
1.7       545        
1.7       546        
1.7       547        
1.7       548        
1.7       549        
1.7       550        
1.7       551        
1.7       552        
1.7       553        
1.7       554        
1.7       555        
1.7       556        
1.7       557        
1.7       558        
1.7       559        
1.7       560        
1.7       561        
1.7       562        
1.7       563        
1.7       564        
1.7       565        
1.7       566        
1.7       567        
1.7       568        
1.7       569        
1.7       570        
1.7       571        
1.7       572        
1.7       573        
1.7       574        
1.7       575        
1.7       576        
1.7       577        
1.7       578        
1.7       579        
1.7       580        
1.7       581        
1.7       582        
1.7       583        
1.7       584        
1.7       585        
1.7       586        
1.7       587        
1.7       588        
1.7       589        
1.7       590        
1.7       591        
1.7       592        
1.7       593        
1.7       594        
1.7       595        
1.6       596        
1.7       597        
1.7       598        
1.7       599        
1.7       600        
1.7       601        
1.6       602        
1.7       603        
1.7       604        
1.7       605        
1.7       606        
1.7       607        
1.6       608        
1.7       609        
1.7       610        
1.7       611        
1.7       612        
1.6       613        
1.6       614        
1.7       615        
1.7       616        
1.7       617        
1.6       618        
1.6       619        
1.6       620        
1.7       621        
1.6       622        
1.6       623        
1.6       624        
1.6       625        
1.7       626        
1.7       627        
1.6       628        
1.6       629        
1.7       630        
1.7       631        
1.7       632        
1.7       633        
1.6       634        
1.6       635        
1.7       636        
1.7       637        
1.7       638        
1.6       639        
1.6       640        
1.7       641        
1.7       642        
1.7       643        
1.6       644        
1.4       645        
1.4       646        
1.3       647        
1.2       648        
1.2       649        
1.3       650        
1.3       651        
1.4       652        
1.4       653        
1.4       654        
1.4       655        
1.5       656        
1.5       657        
1.5       658        
1.5       659        
1.5       660        
1.6       661        
1.6       662        
1.7       663        
1.7       664        
1.7       665        
1.7       666        
1.8       667        
1.8       668        
1.8       669        
1.8       670        
1.8       671        
1.9       672        
1.9       673        
1.9       674        
1.9       675        
2.0       676        
2.0       677        
2.0       678        
2.1       679        
2.1       680        
2.1       681        
2.1       682        
2.2       683        
2.2       684        
2.2       685        
2.2       686        
2.3       687        
2.3       688        
2.3       689        
2.3       690        
2.4       691        
2.4       692        
2.4       693        
2.4       694        
2.5       695        
2.5       696        
2.5       697        
2.5       698        
2.5       699        
2.6       700        
2.6       701        
2.7       702        
2.7       703        
2.7       704        
2.7       705        
2.7       706        
2.8       707        
2.8       708        
2.8       709        
2.8       710        
2.8       711        
2.9       712        
2.9       713        
3.0       714        
3.0       715        
3.0       716        
3.0       717        
3.0       718        
3.0       719        
3.0       720        
3.1       721        
3.1       722        
3.2       723        
3.2       724        
3.2       725        
3.2       726        
3.2       727        
3.3       728        
3.3       729        
3.3       730        
3.3       731        
3.4       732        
3.4       733        
3.4       734        
3.4       735        
3.5       736        
3.5       737        
3.5       738        
3.5       739        
3.6       740        
3.6       741        
3.6       742        
3.6       743        
3.7       744        
3.7       745        
3.7       746        
3.7       747        
3.8       748        
3.8       749        
3.8       750        
3.8       751        
3.9       752        
3.9       753        
3.9       754        
3.9       755        
3.9       756        
4.0       757        
4.0       758        
4.0       759        
4.1       760        
4.1       761        
4.1       762        
4.1       763        
4.2       764        
4.2       765        
4.2       766        
4.2       767        
4.2       768        
4.3       769        
4.3       770        
4.3       771        
4.4       772        
4.4       773        
4.4       774        
4.4       775        
4.4       776        
4.5       777        
4.5       778        
4.5       779        
4.6       780        
4.6       781        
4.6       782        
4.6       783        
4.6       784        
4.7       785        
4.7       786        
4.7       787        
4.7       788        
4.7       789        
4.8       790        
4.8       791        
4.9       792        
4.9       793        
4.9       794        
4.9       795        
4.9       796        
4.9       797        
5.0       798        
5.0       799        
5.0       800        
5.0       801        
5.1       802        
5.1       803        
5.1       804        
5.2       805        
5.2       806        
5.2       807        
5.2       808        
5.2       809        
5.2       810        
5.2       811        
5.3       812        
5.3       813        
5.4       814        
5.4       815        
5.4       816        
5.5       817        
5.5       818        
5.5       819        
5.5       820        
5.5       821        
5.5       822        
5.6       823        
5.6       824        
5.6       825        
5.6       826        
5.7       827        
5.7       828        
5.7       829        
5.7       830        
5.8       831        
5.8       832        
5.8       833        
5.9       834        
5.9       835        
5.9       836        
5.9       837        
5.9       838        
6.0       839        
6.0       840        
6.0       841        
6.0       842        
6.0       843        
6.1       844        
6.1       845        
6.1       846        
6.1       847        
6.2       848        
6.2       849        
6.2       850        
6.3       851        
6.3       852        
6.3       853        
6.3       854        
6.3       855        
6.4       856        
6.4       857        
6.4       858        
6.4       859        
6.5       860        
6.5       861        
6.5       862        
6.5       863        
6.5       864        
6.6       865        
6.6       866        
6.6       867        
6.6       868        
6.7       869        
6.7       870        
6.7       871        
6.7       872        
6.8       873        
6.8       874        
6.8       875        
6.8       876        
6.8       877        
6.9       878        
6.9       879        
6.9       880        
7.0       881        
7.0       882        
7.0       883        
7.0       884        
7.1       885        
7.1       886        
7.1       887        
7.1       888        
7.2       889        
7.2       890        
7.2       891        
7.2       892        
7.3       893        
7.3       894        
7.3       895        
7.3       896        
7.4       897        
7.4       898        
7.4       899        
7.4       900        
7.5       901        
7.5       902        
7.5       903        
7.5       904        
7.5       905        
7.6       906        
7.6       907        
7.6       908        
7.7       909        
7.7       910        
7.7       911        
7.7       912        
7.7       913        
7.8       914        
7.8       915        
7.8       916        
7.9       917        
7.9       918        
7.9       919        
7.9       920        
7.9       921        
7.9       922        
8.0       923        
8.0       924        
8.0       925        
8.0       926        
8.1       927        
8.1       928        
8.1       929        
8.1       930        
8.1       931        
8.2       932        
8.2       933        
8.2       934        
8.2       935        
8.3       936        
8.3       937        
8.3       938        
8.3       939        
8.4       940        
8.4       941        
8.4       942        
8.4       943        
8.5       944        
8.5       945        
8.5       946        
8.5       947        
8.6       948        
8.6       949        
8.6       950        
8.6       951        
8.7       952        
8.7       953        
8.7       954        
8.7       955        
8.8       956        
8.8       957        
8.8       958        
8.8       959        
8.9       960        
8.9       961        
8.9       962        
8.9       963        
8.9       964        
9.0       965        
9.0       966        
9.0       967        
9.0       968        
9.0       969        
9.1       970        
9.1       971        
9.1       972        
9.2       973        
9.2       974        
9.2       975        
9.2       976        
9.3       977        
9.3       978        
9.3       979        
9.3       980        
9.4       981        
9.4       982        
9.4       983        
9.4       984        
9.4       985        
9.4       986        
9.5       987        
9.5       988        
9.5       989        
9.6       990        
9.6       991        
9.6       992        
9.6       993        
9.7       994        
9.7       995        
9.7       996        
9.7       997        
9.8       998        
9.8       999        
9.8       1000       
9.8       1001       
9.8       1002       
9.8       1003       
9.9       1004       
9.9       1005       
9.9       1006       
10.0      1007       
10.0      1008       
10.0      1009       
10.0      1010       
10.0      1011       
10.1      1012       
10.1      1013       
10.1      1014       
10.1      1015       
10.2      1016       
10.2      1017       
10.2      1018       
10.2      1019       
10.3      1020       
10.3      1021       
10.3      1022       
10.3      1023       
10.4      1024       
10.4      1025       
10.4      1026       
10.4      1027       
10.4      1028       
10.5      1029       
10.5      1030       
10.5      1031       
10.6      1032       
10.6      1033       
10.6      1034       
10.6      1035       
10.6      1036       
10.6      1037       
10.7      1038       
10.7      1039       
10.8      1040       
10.8      1041       
10.8      1042       
10.8      1043       
10.8      1044       
10.8      1045       
10.9      1046       
10.9      1047       
10.9      1048       
11.0      1049       
11.0      1050       
11.0      1051       
11.0      1052       
11.0      1053       
11.1      1054       
11.1      1055       
11.1      1056       
11.1      1057       
11.2      1058       
11.2      1059       
11.2      1060       
11.2      1061       
11.2      1062       
11.3      1063       
11.3      1064       
11.3      1065       
11.3      1066       
11.4      1067       
11.4      1068       
11.4      1069       
11.4      1070       
11.5      1071       
11.5      1072       
11.5      1073       
11.5      1074       
11.6      1075       
11.6      1076       
11.6      1077       
11.6      1078       
11.6      1079       
11.7      1080       
11.7      1081       
11.7      1082       
11.8      1083       
11.8      1084       
11.8      1085       
11.8      1086       
11.8      1087       
11.8      1088       
11.9      1089       
11.9      1090       
12.0      1091       
12.0      1092       
12.0      1093       
12.0      1094       
12.0      1095       
12.0      1096       
12.1      1097       
12.1      1098       
12.1      1099       
12.2      1100       
12.2      1101       
12.2      1102       
12.2      1103       
12.2      1104       
12.3      1105       
12.3      1106       
12.3      1107       
12.3      1108       
12.3      1109       
12.4      1110       
12.4      1111       
12.4      1112       
12.5      1113       
12.5      1114       
12.5      1115       
12.5      1116       
12.5      1117       
12.6      1118       
12.6      1119       
12.6      1120       
12.6      1121       
12.6      1122       
12.7      1123       
12.7      1124       
12.8      1125       
12.8      1126       
12.8      1127       
12.8      1128       
12.8      1129       
12.8      1130       
12.9      1131       
12.9      1132       
12.9      1133       
12.9      1134       
13.0      1135       
13.0      1136       
13.0      1137       
13.0      1138       
13.0      1139       
13.1      1140       
13.1      1141       
13.1      1142       
13.2      1143       
13.2      1144       
13.2      1145       
13.2      1146       
13.2      1147       
13.3      1148       
13.3      1149       
13.3      1150       
13.3      1151       
13.4      1152       
13.4      1153       
13.4      1154       
13.4      1155       
13.4      1156       
13.5      1157       
13.5      1158       
13.5      1159       
13.5      1160       
13.6      1161       
13.6      1162       
13.6      1163       
13.7      1164       
13.7      1165       
13.7      1166       
13.7      1167       
13.7      1168       
13.7      1169       
13.8      1170       
13.8      1171       
13.8      1172       
13.8      1173       
13.9      1174       
13.9      1175       
13.9      1176       
13.9      1177       
13.9      1178       
14.0      1179       
14.0      1180       
14.0      1181       
14.1      1182       
14.1      1183       
14.1      1184       
14.1      1185       
14.2      1186       
14.1      1187       
14.2      1188       
14.2      1189       
14.3      1190       
14.3      1191       
14.3      1192       
14.3      1193       
14.3      1194       
14.4      1195       
14.4      1196       
14.4      1197       
14.4      1198       
14.5      1199       
14.5      1200       
14.5      1201       
14.5      1202       
14.6      1203       
14.6      1204       
14.6      1205       
14.6      1206       
14.6      1207       
14.7      1208       
14.7      1209       
14.7      1210       
14.7      1211       
14.8      1212       
14.8      1213       
14.8      1214       
14.8      1215       
14.8      1216       
14.9      1217       
14.9      1218       
14.9      1219       
14.9      1220       
15.0      1221       
15.0      1222       
15.0      1223       
15.0      1224       
15.0      1225       
15.1      1226       
15.1      1227       
15.1      1228       
15.2      1229       
15.2      1230       
15.2      1231       
15.2      1232       
15.2      1233       
15.3      1234       
15.3      1235       
15.3      1236       
15.3      1237       
15.4      1238       
15.4      1239       
15.4      1240       
15.4      1241       
15.5      1242       
15.5      1243       
15.5      1244       
15.5      1245       
15.5      1246       
15.6      1247       
15.6      1248       
15.6      1249       
15.7      1250       
15.7      1251       
15.7      1252       
15.7      1253       
15.7      1254       
15.8      1255       
15.7      1256       
15.8      1257       
15.8      1258       
15.8      1259       
15.8      1260       
15.9      1261       
15.9      1262       
15.9      1263       
15.9      1264       
16.0      1265       
16.0      1266       
16.0      1267       
16.0      1268       
16.1      1269       
16.1      1270       
16.1      1271       
16.1      1272       
16.2      1273       
16.2      1274       
16.2      1275       
16.2      1276       
16.3      1277       
16.3      1278       
16.3      1279       
16.3      1280       
16.4      1281       
16.4      1282       
16.4      1283       
16.4      1284       
16.4      1285       
16.4      1286       
16.5      1287       
16.5      1288       
16.5      1289       
16.5      1290       
16.6      1291       
16.6      1292       
16.6      1293       
16.6      1294       
16.7      1295       
16.7      1296       
16.7      1297       
16.7      1298       
16.8      1299       
16.8      1300       
16.8      1301       
16.8      1302       
16.8      1303       
16.8      1304       
16.9      1305       
16.9      1306       
16.9      1307       
17.0      1308       
17.0      1309       
17.0      1310       
17.0      1311       
17.1      1312       
17.1      1313       
17.1      1314       
17.1      1315       
17.2      1316       
17.2      1317       
17.2      1318       
17.2      1319       
17.2      1320       
17.2      1321       
17.3      1322       
17.3      1323       
17.3      1324       
17.3      1325       
17.4      1326       
17.4      1327       
17.4      1328       
17.5      1329       
17.5      1330       
17.5      1331       
17.5      1332       
17.5      1333       
17.5      1334       
17.6      1335       
17.6      1336       
17.6      1337       
17.6      1338       
17.7      1339       
17.7      1340       
17.7      1341       
17.8      1342       
17.8      1343       
17.8      1344       
17.8      1345       
17.8      1346       
17.8      1347       
17.9      1348       
17.9      1349       
17.9      1350       
18.0      1351       
18.0      1352       
18.0      1353       
18.0      1354       
18.1      1355       
18.0      1356       
18.1      1357       
18.1      1358       
18.1      1359       
18.1      1360       
18.2      1361       
18.2      1362       
18.2      1363       
18.2      1364       
18.2      1365       
18.3      1366       
18.3      1367       
18.3      1368       
18.3      1369       
18.4      1370       
18.4      1371       
18.4      1372       
18.5      1373       
18.5      1374       
18.5      1375       
18.5      1376       
18.5      1377       
18.6      1378       
18.6      1379       
18.6      1380       
18.6      1381       
18.7      1382       
18.7      1383       
18.7      1384       
18.7      1385       
18.7      1386       
18.8      1387       
18.8      1388       
18.8      1389       
18.8      1390       
18.9      1391       
18.9      1392       
18.9      1393       
18.9      1394       
19.0      1395       
19.0      1396       
19.0      1397       
19.0      1398       
19.1      1399       
19.1      1400       
19.1      1401       
19.1      1402       
19.1      1403       
19.1      1404       
19.2      1405       
19.2      1406       
19.2      1407       
19.2      1408       
19.3      1409       
19.3      1410       
19.3      1411       
19.3      1412       
19.4      1413       
19.4      1414       
19.4      1415       
19.4      1416       
19.5      1417       
19.5      1418       
19.5      1419       
19.5      1420       
19.6      1421       
19.6      1422       
19.6      1423       
19.6      1424       
19.6      1425       
19.6      1426       
19.7      1427       
19.7      1428       
19.7      1429       
19.7      1430       
19.8      1431       
19.8      1432       
19.8      1433       
19.9      1434       
19.9      1435       
19.9      1436       
19.9      1437       
19.9      1438       
20.0      1439       
20.0      1440       
20.0      1441       
20.0      1442       
20.0      1443       
20.1      1444       
20.1      1445       
20.1      1446       
20.1      1447       
20.2      1448       
20.2      1449       
20.2      1450       
20.2      1451       
20.3      1452       
20.3      1453       
20.3      1454       
20.3      1455       
20.3      1456       
20.4      1457       
20.4      1458       
20.4      1459       
20.4      1460       
20.5      1461       
20.5      1462       
20.5      1463       
20.5      1464       
20.6      1465       
20.6      1466       
20.6      1467       
20.6      1468       
20.6      1469       
20.7      1470       
20.7      1471       
20.7      1472       
20.7      1473       
20.8      1474       
20.8      1475       
20.8      1476       
20.8      1477       
20.9      1478       
20.9      1479       
20.9      1480       
20.9      1481       
20.9      1482       
21.0      1483       
21.0      1484       
21.0      1485       
21.0      1486       
21.1      1487       
21.1      1488       
21.1      1489       
21.1      1490       
21.1      1491       
21.2      1492       
21.2      1493       
21.2      1494       
21.2      1495       
21.2      1496       
21.3      1497       
21.3      1498       
21.3      1499       
21.3      1500       
21.4      1501       
21.4      1502       
21.4      1503       
21.5      1504       
21.5      1505       
21.5      1506       
21.5      1507       
21.5      1508       
21.6      1509       
21.6      1510       
21.6      1511       
21.6      1512       
21.7      1513       
21.7      1514       
21.7      1515       
21.7      1516       
21.7      1517       
21.8      1518       
21.8      1519       
21.8      1520       
21.8      1521       
21.8      1522       
21.9      1523       
21.9      1524       
21.9      1525       
21.9      1526       
22.0      1527       
22.0      1528       
22.0      1529       
22.0      1530       
22.1      1531       
22.1      1532       
22.1      1533       
22.1      1534       
22.1      1535       
22.2      1536       
22.2      1537       
22.2      1538       
22.2      1539       
22.3      1540       
22.3      1541       
22.3      1542       
22.3      1543       
22.3      1544       
22.4      1545       
22.4      1546       
22.4      1547       
22.4      1548       
22.5      1549       
22.5      1550       
22.5      1551       
22.5      1552       
22.6      1553       
22.6      1554       
22.6      1555       
22.6      1556       
22.6      1557       
22.7      1558       
22.7      1559       
22.7      1560       
22.7      1561       
22.8      1562       
22.8      1563       
22.8      1564       
22.8      1565       
22.9      1566       
22.9      1567       
22.9      1568       
22.9      1569       
22.9      1570       
23.0      1571       
23.0      1572       
23.0      1573       
23.0      1574       
23.1      1575       
23.1      1576       
23.1      1577       
23.1      1578       
23.2      1579       
23.2      1580       
23.2      1581       
23.2      1582       
23.2      1583       
23.3      1584       
23.3      1585       
23.3      1586       
23.3      1587       
23.4      1588       
23.4      1589       
23.4      1590       
23.4      1591       
23.5      1592       
23.5      1593       
23.5      1594       
23.5      1595       
23.6      1596       
23.6      1597       
23.6      1598       
23.6      1599       
23.6      1600       
23.7      1601       
23.7      1602       
23.7      1603       
23.7      1604       
23.7      1605       
23.8      1606       
23.8      1607       
23.8      1608       
23.8      1609       
23.9      1610       
23.9      1611       
23.9      1612       
23.9      1613       
23.9      1614       
24.0      1615       
24.0      1616       
24.0      1617       
24.1      1618       
24.1      1619       
24.1      1620       
24.1      1621       
24.1      1622       
24.2      1623       
24.2      1624       
24.2      1625       
24.2      1626       
24.3      1627       
24.3      1628       
24.3      1629       
24.3      1630       
24.3      1631       
24.4      1632       
24.4      1633       
24.4      1634       
24.4      1635       
24.5      1636       
24.5      1637       
24.5      1638       
24.5      1639       
24.6      1640       
24.6      1641       
24.6      1642       
24.6      1643       
24.6      1644       
24.7      1645       
24.7      1646       
24.7      1647       
24.7      1648       
24.8      1649       
24.8      1650       
24.8      1651       
24.8      1652       
24.8      1653       
24.9      1654       
24.9      1655       
24.9      1656       
25.0      1657       
25.0      1658       
25.0      1659       
25.0      1660       
25.0      1661       
25.0      1662       
25.1      1663       
25.1      1664       
25.1      1665       
25.1      1666       
25.2      1667       
25.2      1668       
25.2      1669       
25.2      1670       
25.3      1671       
25.3      1672       
25.3      1673       
25.3      1674       
25.3      1675       
25.4      1676       
25.4      1677       
25.4      1678       
25.4      1679       
25.5      1680       
25.5      1681       
25.5      1682       
25.5      1683       
25.5      1684       
25.6      1685       
25.6      1686       
25.6      1687       
25.7      1688       
25.7      1689       
25.7      1690       
25.7      1691       
25.7      1692       
25.7      1693       
25.8      1694       
25.8      1695       
25.8      1696       
25.8      1697       
25.9      1698       
25.9      1699       
25.9      1700       
25.9      1701       
26.0      1702       
26.0      1703       
26.0      1704       
26.0      1705       
26.1      1706       
26.1      1707       
26.1      1708       
26.1      1709       
26.2      1710       
26.2      1711       
26.2      1712       
26.2      1713       
26.2      1714       
26.2      1715       
26.3      1716       
26.3      1717       
26.3      1718       
26.4      1719       
26.4      1720       
26.4      1721       
26.4      1722       
26.4      1723       
26.5      1724       
26.5      1725       
26.5      1726       
26.5      1727       
26.6      1728       
26.6      1729       
26.6      1730       
26.6      1731       
26.6      1732       
26.7      1733       
26.7      1734       
26.7      1735       
26.7      1736       
26.8      1737       
26.8      1738       
26.8      1739       
26.8      1740       
26.8      1741       
26.9      1742       
26.9      1743       
26.9      1744       
26.9      1745       
26.9      1746       
27.0      1747       
27.0      1748       
27.0      1749       
27.1      1750       
27.1      1751       
27.1      1752       
27.1      1753       
27.1      1754       
27.2      1755       
27.2      1756       
27.2      1757       
27.2      1758       
27.3      1759       
27.3      1760       
27.3      1761       
27.3      1762       
27.3      1763       
27.4      1764       
27.4      1765       
27.4      1766       
27.5      1767       
27.5      1768       
27.5      1769       
27.5      1770       
27.5      1771       
27.6      1772       
27.6      1773       
27.6      1774       
27.6      1775       
27.6      1776       
27.7      1777       
27.7      1778       
27.7      1779       
27.7      1780       
27.8      1781       
27.8      1782       
27.8      1783       
27.8      1784       
27.9      1785       
27.9      1786       
27.9      1787       
27.9      1788       
27.9      1789       
28.0      1790       
28.0      1791       
28.0      1792       
28.0      1793       
28.1      1794       
28.1      1795       
28.1      1796       
28.1      1797       
28.2      1798       
28.2      1799       
28.2      1800       
28.2      1801       
28.2      1802       
28.3      1803       
28.3      1804       
28.3      1805       
28.3      1806       
28.3      1807       
28.4      1808       
28.4      1809       
28.4      1810       
28.4      1811       
28.4      1812       
28.5      1813       
28.5      1814       
28.5      1815       
28.6      1816       
28.6      1817       
28.6      1818       
28.6      1819       
28.7      1820       
28.7      1821       
28.7      1822       
28.7      1823       
28.7      1824       
28.8      1825       
28.8      1826       
28.8      1827       
28.8      1828       
28.8      1829       
28.9      1830       
28.9      1831       
28.9      1832       
28.9      1833       
29.0      1834       
29.0      1835       
29.0      1836       
29.0      1837       
29.0      1838       
29.1      1839       
29.1      1840       
29.1      1841       
29.1      1842       
29.2      1843       
29.2      1844       
29.2      1845       
29.2      1846       
29.2      1847       
29.3      1848       
29.3      1849       
29.3      1850       
29.4      1851       
29.4      1852       
29.4      1853       
29.4      1854       
29.4      1855       
29.5      1856       
29.5      1857       
29.5      1858       
29.5      1859       
29.5      1860       
29.6      1861       
29.6      1862       
29.6      1863       
