8.2       1          
8.1       2          
7.9       3          
7.8       4          
7.7       5          
7.6       6          
7.4       7          
7.3       8          
7.1       9          
7.0       10         
6.9       11         
6.9       12         
6.8       13         
6.7       14         
6.7       15         
6.6       16         
6.5       17         
6.4       18         
6.3       19         
6.3       20         
6.2       21         
6.1       22         
6.1       23         
5.9       24         
5.9       25         
5.8       26         
5.8       27         
5.8       28         
5.7       29         
5.7       30         
5.6       31         
5.6       32         
5.5       33         
5.5       34         
5.4       35         
5.4       36         
5.3       37         
5.3       38         
5.3       39         
5.2       40         
5.2       41         
5.2       42         
5.1       43         
5.1       44         
5.0       45         
4.9       46         
4.9       47         
4.9       48         
4.9       49         
4.9       50         
4.9       51         
4.8       52         
4.7       53         
4.7       54         
4.7       55         
4.7       56         
4.7       57         
4.6       58         
4.6       59         
4.5       60         
4.5       61         
4.5       62         
4.5       63         
4.5       64         
4.4       65         
4.4       66         
4.3       67         
4.3       68         
4.3       69         
4.3       70         
4.3       71         
4.3       72         
4.3       73         
4.2       74         
4.2       75         
4.1       76         
4.1       77         
4.1       78         
4.1       79         
4.1       80         
4.0       81         
4.0       82         
3.9       83         
3.9       84         
3.9       85         
3.9       86         
3.9       87         
3.8       88         
3.8       89         
3.8       90         
3.8       91         
3.8       92         
3.8       93         
3.8       94         
3.7       95         
3.7       96         
3.7       97         
3.7       98         
3.7       99         
3.7       100        
3.7       101        
3.6       102        
3.5       103        
3.5       104        
3.6       105        
3.6       106        
3.6       107        
3.5       108        
3.5       109        
3.5       110        
3.5       111        
3.5       112        
3.5       113        
3.4       114        
3.4       115        
3.4       116        
3.4       117        
3.4       118        
3.4       119        
3.4       120        
3.3       121        
3.3       122        
3.3       123        
3.3       124        
3.3       125        
3.3       126        
3.3       127        
3.2       128        
3.2       129        
3.2       130        
3.2       131        
3.2       132        
3.2       133        
3.2       134        
3.2       135        
3.2       136        
3.2       137        
3.2       138        
3.1       139        
3.1       140        
3.1       141        
3.1       142        
3.1       143        
3.0       144        
3.0       145        
3.0       146        
3.0       147        
3.0       148        
3.0       149        
2.9       150        
3.0       151        
3.0       152        
3.0       153        
3.0       154        
3.0       155        
2.9       156        
2.9       157        
3.0       158        
3.0       159        
3.0       160        
2.9       161        
2.9       162        
2.9       163        
2.9       164        
2.9       165        
2.8       166        
2.8       167        
2.9       168        
2.9       169        
2.9       170        
2.9       171        
2.8       172        
2.8       173        
2.9       174        
2.8       175        
2.8       176        
2.8       177        
2.8       178        
2.8       179        
2.8       180        
2.8       181        
2.7       182        
2.7       183        
2.7       184        
2.7       185        
2.8       186        
2.7       187        
2.7       188        
2.7       189        
2.7       190        
2.7       191        
2.7       192        
2.7       193        
2.6       194        
2.6       195        
2.6       196        
3.0       197        
3.1       198        
3.1       199        
0.9       200        
0.0       201        
0.0       202        
0.0       203        
0.0       204        
0.0       205        
0.0       206        
0.0       207        
0.0       208        
0.0       209        
0.8       210        
0.8       211        
0.8       212        
0.7       213        
0.7       214        
0.7       215        
0.7       216        
0.7       217        
0.7       218        
0.7       219        
0.7       220        
0.7       221        
0.6       222        
0.7       223        
0.7       224        
1.1       225        
1.4       226        
1.4       227        
1.4       228        
1.3       229        
1.3       230        
1.4       231        
1.4       232        
1.3       233        
1.3       234        
1.3       235        
1.3       236        
1.3       237        
1.3       238        
1.3       239        
1.3       240        
1.3       241        
1.2       242        
1.3       243        
1.3       244        
1.3       245        
1.3       246        
1.2       247        
1.3       248        
1.3       249        
1.2       250        
1.2       251        
1.2       252        
1.3       253        
1.2       254        
1.2       255        
1.2       256        
1.2       257        
1.2       258        
1.2       259        
1.2       260        
1.2       261        
1.2       262        
1.2       263        
1.1       264        
1.2       265        
1.2       266        
1.1       267        
1.1       268        
1.2       269        
1.2       270        
1.1       271        
1.1       272        
1.1       273        
1.1       274        
1.1       275        
1.1       276        
1.1       277        
1.2       278        
1.1       279        
1.1       280        
1.1       281        
1.1       282        
1.1       283        
1.1       284        
1.1       285        
1.1       286        
1.1       287        
1.0       288        
1.1       289        
1.1       290        
1.1       291        
1.0       292        
1.0       293        
1.1       294        
1.0       295        
1.0       296        
1.0       297        
1.1       298        
1.1       299        
1.0       300        
1.0       301        
1.0       302        
1.0       303        
1.0       304        
1.0       305        
1.0       306        
1.0       307        
1.0       308        
1.0       309        
1.0       310        
1.0       311        
1.0       312        
1.0       313        
1.0       314        
1.0       315        
0.9       316        
0.9       317        
1.0       318        
1.0       319        
0.9       320        
0.9       321        
1.0       322        
1.0       323        
0.9       324        
0.9       325        
1.0       326        
0.9       327        
0.9       328        
0.9       329        
0.9       330        
0.9       331        
0.9       332        
0.9       333        
0.9       334        
0.9       335        
0.9       336        
0.9       337        
0.9       338        
0.9       339        
0.8       340        
0.9       341        
0.9       342        
0.9       343        
0.8       344        
0.8       345        
0.9       346        
0.9       347        
0.8       348        
0.8       349        
0.9       350        
0.9       351        
0.8       352        
0.8       353        
0.9       354        
0.8       355        
0.8       356        
0.8       357        
0.8       358        
0.8       359        
0.8       360        
0.8       361        
0.8       362        
0.8       363        
0.8       364        
0.8       365        
0.8       366        
0.8       367        
0.8       368        
0.8       369        
0.8       370        
0.8       371        
0.7       372        
0.8       373        
0.8       374        
0.8       375        
0.7       376        
0.7       377        
0.8       378        
0.7       379        
0.7       380        
0.8       381        
0.8       382        
0.8       383        
0.7       384        
0.8       385        
0.8       386        
0.7       387        
0.7       388        
0.7       389        
0.8       390        
0.7       391        
0.7       392        
0.7       393        
0.7       394        
0.7       395        
0.7       396        
0.7       397        
0.7       398        
0.7       399        
0.7       400        
0.7       401        
0.7       402        
0.7       403        
0.7       404        
0.7       405        
0.7       406        
0.6       407        
0.7       408        
0.7       409        
0.6       410        
0.6       411        
0.7       412        
0.7       413        
0.7       414        
0.6       415        
0.7       416        
0.7       417        
0.6       418        
0.6       419        
0.7       420        
0.7       421        
0.6       422        
0.6       423        
0.7       424        
0.6       425        
0.5       426        
0.3       427        
0.2       428        
0.0       429        
0.0       430        
0.0       431        
0.0       432        
0.0       433        
0.0       434        
0.0       435        
0.0       436        
0.0       437        
0.1       438        
0.1       439        
0.1       440        
0.1       441        
0.3       442        
0.3       443        
0.3       444        
0.4       445        
0.5       446        
0.5       447        
0.5       448        
0.6       449        
0.7       450        
0.7       451        
0.7       452        
0.8       453        
0.9       454        
0.9       455        
0.9       456        
1.0       457        
1.0       458        
1.0       459        
1.1       460        
1.2       461        
1.2       462        
1.2       463        
1.3       464        
1.3       465        
1.4       466        
1.4       467        
1.5       468        
1.6       469        
1.6       470        
1.6       471        
1.6       472        
1.6       473        
1.7       474        
1.6       475        
1.5       476        
1.4       477        
1.4       478        
1.3       479        
1.2       480        
1.2       481        
1.3       482        
1.5       483        
1.5       484        
1.5       485        
1.6       486        
1.8       487        
1.9       488        
1.9       489        
2.0       490        
2.1       491        
2.3       492        
2.3       493        
2.4       494        
2.5       495        
2.7       496        
2.7       497        
2.9       498        
2.9       499        
3.0       500        
3.1       501        
3.3       502        
3.4       503        
3.4       504        
3.5       505        
3.5       506        
3.7       507        
3.8       508        
3.9       509        
4.0       510        
4.1       511        
4.1       512        
4.2       513        
4.4       514        
4.5       515        
4.6       516        
4.7       517        
4.7       518        
4.8       519        
4.9       520        
5.0       521        
5.1       522        
5.2       523        
5.3       524        
5.4       525        
5.5       526        
5.6       527        
5.7       528        
5.8       529        
5.9       530        
5.9       531        
6.0       532        
6.1       533        
6.2       534        
6.3       535        
6.5       536        
6.6       537        
6.7       538        
6.7       539        
6.8       540        
6.9       541        
7.0       542        
7.0       543        
7.2       544        
7.3       545        
7.3       546        
7.4       547        
7.5       548        
7.6       549        
7.6       550        
7.8       551        
7.9       552        
8.0       553        
8.1       554        
8.1       555        
8.2       556        
8.3       557        
8.4       558        
8.5       559        
8.7       560        
8.7       561        
8.8       562        
8.9       563        
9.0       564        
9.1       565        
9.1       566        
9.3       567        
9.4       568        
9.5       569        
9.6       570        
9.7       571        
9.8       572        
9.8       573        
9.9       574        
10.1      575        
10.2      576        
10.3      577        
10.3      578        
10.4      579        
10.5      580        
10.6      581        
10.6      582        
10.7      583        
10.9      584        
11.0      585        
11.1      586        
11.1      587        
11.2      588        
11.3      589        
11.4      590        
11.5      591        
11.6      592        
11.7      593        
11.8      594        
11.9      595        
11.9      596        
12.1      597        
12.1      598        
12.2      599        
12.3      600        
12.4      601        
12.5      602        
12.6      603        
12.7      604        
12.8      605        
12.9      606        
13.0      607        
13.0      608        
13.1      609        
13.3      610        
13.4      611        
13.5      612        
13.5      613        
13.6      614        
13.7      615        
13.8      616        
13.8      617        
13.9      618        
14.1      619        
14.2      620        
14.2      621        
14.3      622        
14.5      623        
14.5      624        
14.6      625        
14.7      626        
14.8      627        
14.9      628        
15.0      629        
15.1      630        
15.2      631        
15.3      632        
15.4      633        
15.4      634        
15.5      635        
15.6      636        
15.7      637        
15.8      638        
15.9      639        
16.0      640        
16.1      641        
16.2      642        
16.2      643        
16.3      644        
16.4      645        
16.5      646        
16.5      647        
16.6      648        
16.8      649        
16.9      650        
17.0      651        
17.1      652        
17.2      653        
17.2      654        
17.3      655        
17.4      656        
17.5      657        
17.6      658        
17.8      659        
17.8      660        
17.9      661        
18.0      662        
18.1      663        
18.1      664        
18.2      665        
18.3      666        
18.4      667        
18.4      668        
18.6      669        
18.7      670        
18.8      671        
18.9      672        
19.0      673        
19.0      674        
19.2      675        
19.2      676        
19.3      677        
19.4      678        
19.5      679        
19.5      680        
19.7      681        
19.8      682        
19.9      683        
20.0      684        
20.0      685        
20.2      686        
20.2      687        
20.3      688        
20.4      689        
20.5      690        
20.5      691        
20.6      692        
20.8      693        
20.9      694        
21.0      695        
21.1      696        
21.2      697        
21.2      698        
21.3      699        
21.4      700        
21.5      701        
21.6      702        
21.6      703        
21.7      704        
21.9      705        
22.0      706        
22.0      707        
22.1      708        
22.2      709        
22.3      710        
22.4      711        
22.5      712        
22.6      713        
22.7      714        
22.7      715        
22.8      716        
22.9      717        
23.1      718        
23.1      719        
23.2      720        
23.3      721        
23.4      722        
23.5      723        
23.6      724        
23.6      725        
