2.5       1          
2.4       2          
2.4       3          
2.4       4          
2.4       5          
2.4       6          
2.4       7          
2.4       8          
2.4       9          
2.4       10         
2.4       11         
2.4       12         
2.4       13         
2.4       14         
2.4       15         
2.4       16         
2.4       17         
2.4       18         
2.4       19         
2.4       20         
2.4       21         
2.4       22         
2.4       23         
2.4       24         
2.4       25         
2.4       26         
2.4       27         
2.4       28         
2.3       29         
2.4       30         
2.4       31         
2.4       32         
2.3       33         
2.3       34         
2.4       35         
2.3       36         
2.3       37         
2.3       38         
2.3       39         
2.3       40         
2.3       41         
2.3       42         
2.3       43         
2.3       44         
2.3       45         
2.3       46         
2.3       47         
2.3       48         
2.3       49         
2.3       50         
2.3       51         
2.3       52         
2.3       53         
2.3       54         
2.3       55         
2.3       56         
2.3       57         
2.3       58         
2.1       59         
2.2       60         
2.2       61         
2.4       62         
2.7       63         
2.9       64         
3.5       65         
3.8       66         
4.1       67         
4.4       68         
4.7       69         
5.0       70         
5.3       71         
5.6       72         
6.2       73         
6.6       74         
6.8       75         
7.2       76         
7.5       77         
7.8       78         
8.1       79         
8.7       80         
9.0       81         
9.3       82         
9.6       83         
9.9       84         
10.2      85         
10.5      86         
10.8      87         
11.1      88         
11.7      89         
12.0      90         
12.4      91         
12.6      92         
12.9      93         
13.3      94         
13.6      95         
13.8      96         
14.2      97         
14.8      98         
15.1      99         
15.4      100        
15.7      101        
15.9      102        
16.3      103        
16.6      104        
16.9      105        
17.2      106        
17.5      107        
18.1      108        
18.4      109        
18.7      110        
19.0      111        
19.3      112        
19.6      113        
19.9      114        
20.3      115        
20.6      116        
20.8      117        
21.1      118        
21.7      119        
22.0      120        
22.3      121        
22.6      122        
22.9      123        
23.3      124        
23.6      125        
23.9      126        
24.2      127        
24.5      128        
24.8      129        
25.1      130        
25.4      131        
25.7      132        
26.3      133        
26.6      134        
26.9      135        
27.1      136        
27.4      137        
27.8      138        
28.1      139        
28.4      140        
28.7      141        
29.0      142        
29.3      143        
29.6      144        
29.9      145        
30.2      146        
30.5      147        
30.8      148        
31.1      149        
31.4      150        
32.0      151        
32.3      152        
32.6      153        
32.9      154        
33.2      155        
33.5      156        
33.8      157        
34.0      158        
34.4      159        
34.7      160        
35.0      161        
35.2      162        
35.6      163        
35.9      164        
36.1      165        
36.5      166        
36.8      167        
37.0      168        
37.3      169        
37.6      170        
37.9      171        
38.3      172        
38.5      173        
38.8      174        
39.1      175        
39.3      176        
39.7      177        
40.0      178        
40.3      179        
40.6      180        
40.8      181        
41.2      182        
41.4      183        
42.0      184        
42.3      185        
42.6      186        
42.9      187        
43.2      188        
43.5      189        
43.8      190        
44.1      191        
44.3      192        
44.6      193        
44.9      194        
45.2      195        
