3.6       1          
3.6       2          
3.5       3          
3.5       4          
3.5       5          
3.5       6          
3.5       7          
3.5       8          
3.4       9          
3.4       10         
3.4       11         
3.4       12         
3.4       13         
3.4       14         
3.4       15         
3.3       16         
3.3       17         
3.3       18         
3.3       19         
3.3       20         
3.3       21         
3.2       22         
3.2       23         
3.2       24         
3.2       25         
3.2       26         
3.2       27         
3.2       28         
3.1       29         
3.1       30         
3.1       31         
3.1       32         
3.1       33         
3.1       34         
3.1       35         
3.1       36         
3.0       37         
3.0       38         
3.0       39         
3.0       40         
3.0       41         
3.0       42         
3.0       43         
3.0       44         
2.9       45         
2.9       46         
2.9       47         
2.9       48         
2.9       49         
2.9       50         
2.9       51         
2.8       52         
2.9       53         
2.8       54         
2.8       55         
2.8       56         
2.8       57         
2.8       58         
2.8       59         
2.8       60         
2.8       61         
2.7       62         
2.8       63         
2.7       64         
2.7       65         
2.7       66         
2.7       67         
2.7       68         
2.7       69         
2.7       70         
2.7       71         
2.6       72         
2.6       73         
2.6       74         
2.6       75         
2.6       76         
2.6       77         
2.6       78         
2.6       79         
2.6       80         
2.6       81         
2.5       82         
2.6       83         
2.5       84         
2.4       85         
1.8       86         
1.3       87         
1.3       88         
1.2       89         
1.2       90         
1.2       91         
1.2       92         
1.2       93         
1.2       94         
1.2       95         
1.2       96         
1.2       97         
1.2       98         
1.2       99         
1.2       100        
1.1       101        
1.1       102        
1.1       103        
1.1       104        
1.1       105        
1.1       106        
1.1       107        
1.1       108        
1.1       109        
1.1       110        
1.1       111        
1.1       112        
1.0       113        
1.0       114        
1.1       115        
1.0       116        
1.0       117        
1.0       118        
1.0       119        
1.0       120        
1.0       121        
1.0       122        
1.0       123        
1.0       124        
1.0       125        
0.9       126        
1.0       127        
1.0       128        
0.9       129        
0.9       130        
0.9       131        
0.9       132        
0.9       133        
0.9       134        
0.9       135        
0.9       136        
0.9       137        
0.9       138        
0.8       139        
0.8       140        
0.8       141        
0.8       142        
0.8       143        
0.8       144        
0.8       145        
0.8       146        
0.8       147        
0.8       148        
0.8       149        
0.8       150        
0.7       151        
0.7       152        
0.8       153        
0.7       154        
0.7       155        
0.7       156        
0.7       157        
0.7       158        
0.7       159        
0.7       160        
0.7       161        
0.7       162        
0.7       163        
0.7       164        
0.7       165        
0.7       166        
0.7       167        
0.6       168        
0.6       169        
0.6       170        
0.6       171        
0.6       172        
0.6       173        
0.6       174        
0.6       175        
0.6       176        
0.6       177        
0.6       178        
0.6       179        
0.6       180        
0.6       181        
0.6       182        
0.6       183        
0.6       184        
0.6       185        
0.6       186        
0.6       187        
0.6       188        
0.6       189        
0.5       190        
0.5       191        
0.5       192        
0.5       193        
0.5       194        
0.5       195        
0.5       196        
0.5       197        
0.5       198        
0.5       199        
0.5       200        
0.5       201        
0.5       202        
0.5       203        
0.5       204        
0.5       205        
0.5       206        
0.5       207        
0.5       208        
0.5       209        
0.5       210        
0.5       211        
0.4       212        
0.4       213        
0.4       214        
0.4       215        
0.4       216        
0.4       217        
0.4       218        
0.4       219        
0.4       220        
0.4       221        
0.4       222        
0.4       223        
0.4       224        
0.4       225        
0.4       226        
0.4       227        
0.4       228        
0.4       229        
0.4       230        
0.4       231        
0.4       232        
0.1       233        
0.0       234        
0.0       235        
0.0       236        
0.0       237        
0.0       238        
0.1       239        
0.2       240        
0.3       241        
0.5       242        
0.6       243        
0.7       244        
0.9       245        
1.0       246        
1.2       247        
1.3       248        
1.4       249        
1.5       250        
1.6       251        
1.9       252        
2.0       253        
2.1       254        
2.2       255        
2.3       256        
2.5       257        
2.6       258        
2.8       259        
2.9       260        
3.0       261        
3.1       262        
3.3       263        
3.4       264        
3.6       265        
3.7       266        
3.9       267        
4.0       268        
4.1       269        
4.2       270        
4.3       271        
4.5       272        
4.7       273        
4.8       274        
4.9       275        
5.0       276        
5.1       277        
5.2       278        
5.3       279        
5.6       280        
5.7       281        
5.8       282        
5.9       283        
6.0       284        
6.2       285        
6.2       286        
6.5       287        
6.6       288        
6.7       289        
6.9       290        
6.9       291        
7.1       292        
7.2       293        
7.3       294        
7.6       295        
7.6       296        
7.8       297        
7.9       298        
8.0       299        
8.1       300        
8.2       301        
8.5       302        
8.6       303        
8.7       304        
8.8       305        
8.9       306        
9.0       307        
9.1       308        
9.3       309        
9.5       310        
9.6       311        
9.7       312        
9.9       313        
10.0      314        
10.1      315        
10.2      316        
10.3      317        
10.4      318        
10.6      319        
10.8      320        
10.9      321        
11.0      322        
11.1      323        
11.2      324        
11.3      325        
11.4      326        
11.7      327        
11.8      328        
11.9      329        
12.0      330        
12.1      331        
12.2      332        
12.4      333        
12.5      334        
12.6      335        
12.8      336        
13.0      337        
13.1      338        
13.2      339        
13.3      340        
13.4      341        
13.5      342        
13.6      343        
13.8      344        
14.0      345        
14.1      346        
14.2      347        
14.3      348        
14.5      349        
14.6      350        
14.7      351        
14.8      352        
14.9      353        
15.0      354        
15.3      355        
15.4      356        
15.5      357        
15.6      358        
15.7      359        
15.9      360        
16.0      361        
16.1      362        
16.2      363        
16.3      364        
16.5      365        
16.6      366        
16.8      367        
16.9      368        
17.0      369        
17.1      370        
17.2      371        
17.4      372        
17.5      373        
17.6      374        
17.8      375        
18.0      376        
18.1      377        
18.2      378        
18.3      379        
18.4      380        
18.5      381        
18.7      382        
18.8      383        
18.9      384        
19.0      385        
19.2      386        
19.4      387        
19.5      388        
19.6      389        
19.7      390        
19.8      391        
19.9      392        
20.0      393        
20.2      394        
20.3      395        
20.4      396        
20.5      397        
20.7      398        
20.8      399        
21.0      400        
21.1      401        
21.2      402        
21.4      403        
21.5      404        
21.6      405        
21.7      406        
21.8      407        
21.9      408        
22.0      409        
22.3      410        
22.4      411        
22.5      412        
22.6      413        
22.7      414        
22.9      415        
23.0      416        
23.1      417        
23.2      418        
23.4      419        
23.5      420        
23.6      421        
23.7      422        
23.8      423        
24.1      424        
24.2      425        
24.3      426        
24.4      427        
24.5      428        
24.7      429        
24.8      430        
24.9      431        
25.0      432        
25.1      433        
25.3      434        
25.4      435        
25.5      436        
25.6      437        
25.9      438        
26.0      439        
26.1      440        
26.2      441        
26.3      442        
26.4      443        
26.6      444        
26.7      445        
26.8      446        
26.9      447        
27.0      448        
27.1      449        
27.2      450        
27.4      451        
27.5      452        
27.6      453        
27.9      454        
28.0      455        
28.1      456        
28.2      457        
28.3      458        
28.4      459        
28.6      460        
28.7      461        
28.8      462        
29.0      463        
29.1      464        
29.2      465        
29.3      466        
29.4      467        
29.5      468        
29.7      469        
29.8      470        
29.9      471        
30.1      472        
30.2      473        
30.4      474        
