0.5       205        
0.4       206        
0.4       207        
0.4       208        
0.4       209        
0.4       210        
0.4       211        
0.4       212        
0.4       213        
0.4       214        
0.4       215        
0.4       216        
0.4       217        
0.4       218        
0.4       219        
0.4       220        
0.4       221        
0.4       222        
0.3       223        
0.3       224        
0.3       225        
0.3       226        
0.3       227        
0.3       228        
0.3       229        
0.3       230        
0.3       231        
0.3       232        
0.3       233        
0.3       234        
0.3       235        
0.3       236        
0.3       237        
0.3       238        
0.3       239        
0.2       240        
0.2       241        
0.2       242        
0.2       243        
0.2       244        
0.2       245        
0.2       246        
0.2       247        
0.2       248        
0.2       249        
0.2       250        
0.2       251        
0.2       252        
0.2       253        
0.2       254        
0.2       255        
0.2       256        
0.2       257        
0.2       258        
0.2       259        
0.1       260        
0.2       261        
0.1       262        
0.1       263        
0.1       264        
0.1       265        
0.1       266        
0.1       267        
0.1       268        
0.1       269        
0.1       270        
0.1       271        
0.1       272        
0.1       273        
0.1       274        
0.1       275        
0.1       276        
0.1       277        
0.1       278        
0.1       279        
0.1       280        
0.1       281        
0.1       282        
0.1       283        
0.1       284        
0.1       285        
0.1       286        
0.0       287        
0.1       288        
0.0       289        
0.0       290        
0.0       291        
0.0       292        
0.0       293        
0.0       294        
0.0       295        
0.0       296        
0.0       297        
0.0       298        
0.0       299        
0.0       300        
0.0       301        
0.0       302        
0.0       303        
0.0       304        
0.0       305        
0.0       306        
0.0       307        
0.4       308        
0.9       309        
0.9       310        
0.9       311        
0.9       312        
0.9       313        
0.9       314        
0.9       315        
0.9       316        
0.8       317        
0.8       318        
0.8       319        
0.8       320        
0.8       321        
0.8       322        
0.8       323        
0.8       324        
0.8       325        
0.8       326        
0.8       327        
0.8       328        
0.8       329        
0.8       330        
0.8       331        
0.8       332        
0.8       333        
0.8       334        
0.8       335        
0.8       336        
0.8       337        
0.8       338        
0.8       339        
0.8       340        
0.8       341        
0.7       342        
0.5       343        
0.3       344        
0.2       345        
0.2       346        
0.2       347        
0.2       348        
0.3       349        
0.3       350        
0.4       351        
0.5       352        
0.5       353        
0.6       354        
0.7       355        
0.8       356        
0.9       357        
1.0       358        
1.1       359        
1.1       360        
1.2       361        
1.3       362        
1.4       363        
1.5       364        
1.6       365        
1.6       366        
1.7       367        
1.8       368        
1.9       369        
2.0       370        
2.1       371        
2.2       372        
2.2       373        
2.3       374        
2.4       375        
2.5       376        
2.6       377        
2.7       378        
2.7       379        
2.8       380        
2.9       381        
3.0       382        
3.1       383        
3.2       384        
3.3       385        
3.3       386        
3.4       387        
3.4       388        
3.5       389        
3.7       390        
3.8       391        
3.8       392        
3.9       393        
4.0       394        
4.0       395        
4.1       396        
4.3       397        
4.3       398        
4.4       399        
4.5       400        
4.5       401        
4.6       402        
4.7       403        
4.8       404        
4.9       405        
5.0       406        
5.1       407        
5.1       408        
5.2       409        
5.2       410        
5.4       411        
5.5       412        
5.5       413        
5.6       414        
5.7       415        
5.8       416        
5.8       417        
5.9       418        
6.0       419        
6.1       420        
6.2       421        
6.3       422        
6.3       423        
6.4       424        
6.5       425        
6.6       426        
6.7       427        
6.7       428        
6.8       429        
6.9       430        
7.0       431        
7.0       432        
7.1       433        
7.3       434        
7.3       435        
7.4       436        
7.5       437        
7.6       438        
7.6       439        
7.7       440        
7.8       441        
7.9       442        
8.0       443        
8.1       444        
8.1       445        
8.2       446        
8.3       447        
8.3       448        
8.5       449        
8.5       450        
8.6       451        
8.7       452        
8.8       453        
8.8       454        
8.9       455        
9.0       456        
9.1       457        
9.2       458        
9.3       459        
9.4       460        
9.4       461        
9.5       462        
9.5       463        
9.6       464        
9.8       465        
9.8       466        
9.9       467        
10.0      468        
10.0      469        
10.1      470        
10.2      471        
10.3      472        
10.3      473        
10.5      474        
10.6      475        
10.6      476        
10.7      477        
10.8      478        
10.8      479        
10.9      480        
11.0      481        
11.1      482        
11.2      483        
11.3      484        
11.3      485        
11.4      486        
11.5      487        
11.5      488        
11.6      489        
11.7      490        
11.8      491        
11.9      492        
12.0      493        
12.0      494        
12.1      495        
12.2      496        
12.3      497        
12.3      498        
12.5      499        
12.5      500        
12.6      501        
12.7      502        
12.8      503        
12.8      504        
12.9      505        
13.0      506        
13.0      507        
13.2      508        
13.2      509        
13.3      510        
13.4      511        
13.5      512        
13.6      513        
13.6      514        
13.7      515        
13.8      516        
13.9      517        
14.0      518        
14.1      519        
14.2      520        
14.2      521        
14.3      522        
14.4      523        
14.4      524        
14.5      525        
14.6      526        
14.7      527        
14.8      528        
14.9      529        
14.9      530        
15.0      531        
15.1      532        
15.2      533        
15.2      534        
15.3      535        
15.3      536        
15.5      537        
15.5      538        
15.6      539        
15.7      540        
15.8      541        
15.8      542        
15.9      543        
16.0      544        
16.1      545        
16.1      546        
16.3      547        
16.4      548        
16.4      549        
16.5      550        
16.6      551        
16.7      552        
16.7      553        
16.8      554        
16.9      555        
17.0      556        
17.1      557        
17.1      558        
17.2      559        
17.3      560        
17.4      561        
17.4      562        
17.5      563        
17.6      564        
17.7      565        
17.7      566        
17.8      567        
18.0      568        
18.0      569        
18.1      570        
18.2      571        
18.2      572        
18.3      573        
18.4      574        
18.5      575        
18.5      576        
18.6      577        
18.7      578        
18.8      579        
18.9      580        
19.0      581        
19.0      582        
19.1      583        
19.2      584        
19.3      585        
19.4      586        
19.4      587        
19.5      588        
19.5      589        
19.7      590        
19.8      591        
19.9      592        
19.9      593        
20.0      594        
20.0      595        
20.1      596        
20.2      597        
20.3      598        
20.4      599        
20.4      600        
20.5      601        
20.6      602        
20.7      603        
20.8      604        
20.8      605        
20.9      606        
21.0      607        
21.1      608        
21.2      609        
21.2      610        
21.3      611        
21.3      612        
21.4      613        
21.6      614        
21.6      615        
21.7      616        
21.8      617        
21.9      618        
22.0      619        
22.0      620        
22.1      621        
22.2      622        
22.2      623        
22.3      624        
22.4      625        
22.5      626        
22.6      627        
22.7      628        
22.7      629        
22.8      630        
22.9      631        
23.0      632        
23.1      633        
23.1      634        
23.2      635        
23.3      636        
23.3      637        
23.4      638        
23.5      639        
23.6      640        
23.7      641        
23.8      642        
23.8      643        
23.9      644        
24.0      645        
24.0      646        
24.1      647        
24.2      648        
24.3      649        
24.3      650        
24.4      651        
24.5      652        
24.5      653        
24.7      654        
24.8      655        
24.8      656        
24.9      657        
25.0      658        
25.1      659        
25.1      660        
25.2      661        
25.3      662        
25.3      663        
25.4      664        
25.5      665        
25.6      666        
25.7      667        
25.8      668        
25.9      669        
26.0      670        
26.1      671        
26.1      672        
26.2      673        
26.3      674        
26.4      675        
26.4      676        
26.5      677        
26.6      678        
26.6      679        
26.7      680        
26.8      681        
26.8      682        
26.9      683        
27.1      684        
27.1      685        
27.2      686        
27.3      687        
27.4      688        
6.1       1          
5.9       2          
5.8       3          
5.7       4          
5.5       5          
5.3       6          
5.2       7          
5.1       8          
5.0       9          
4.9       10         
4.8       11         
4.7       12         
4.6       13         
4.5       14         
4.4       15         
4.3       16         
4.3       17         
4.2       18         
4.1       19         
4.1       20         
4.0       21         
3.9       22         
3.9       23         
3.8       24         
3.8       25         
3.7       26         
3.7       27         
3.6       28         
3.5       29         
3.5       30         
3.4       31         
3.4       32         
3.4       33         
3.3       34         
3.2       35         
3.2       36         
3.2       37         
3.1       38         
3.1       39         
3.1       40         
3.0       41         
3.0       42         
2.9       43         
2.9       44         
2.9       45         
2.8       46         
2.8       47         
2.7       48         
2.7       49         
2.7       50         
2.7       51         
2.7       52         
2.6       53         
2.6       54         
2.5       55         
2.5       56         
2.5       57         
2.5       58         
2.4       59         
2.4       60         
2.4       61         
2.3       62         
2.3       63         
2.3       64         
2.3       65         
2.3       66         
2.2       67         
2.2       68         
2.2       69         
2.2       70         
2.1       71         
2.1       72         
2.1       73         
2.1       74         
2.0       75         
2.0       76         
2.0       77         
2.0       78         
1.9       79         
1.9       80         
1.9       81         
1.9       82         
1.9       83         
1.9       84         
1.8       85         
1.8       86         
1.8       87         
1.8       88         
1.7       89         
1.7       90         
1.7       91         
1.7       92         
1.7       93         
1.7       94         
1.6       95         
1.6       96         
1.6       97         
1.6       98         
1.6       99         
1.6       100        
1.5       101        
1.5       102        
1.5       103        
1.5       104        
1.5       105        
1.5       106        
1.4       107        
1.4       108        
1.4       109        
1.4       110        
1.4       111        
1.4       112        
1.4       113        
1.3       114        
1.3       115        
1.3       116        
1.3       117        
1.3       118        
1.3       119        
1.2       120        
1.2       121        
1.2       122        
1.2       123        
1.2       124        
1.2       125        
1.2       126        
1.2       127        
1.2       128        
1.1       129        
1.1       130        
1.1       131        
1.1       132        
1.1       133        
1.1       134        
1.1       135        
1.1       136        
1.0       137        
1.0       138        
1.0       139        
1.0       140        
1.0       141        
1.0       142        
1.0       143        
1.0       144        
0.9       145        
0.9       146        
0.9       147        
0.9       148        
0.9       149        
0.9       150        
0.9       151        
0.9       152        
0.9       153        
0.9       154        
0.8       155        
0.9       156        
0.8       157        
0.8       158        
0.8       159        
0.8       160        
0.8       161        
0.8       162        
0.8       163        
0.8       164        
0.8       165        
0.8       166        
0.7       167        
0.7       168        
0.7       169        
0.7       170        
0.7       171        
0.7       172        
0.7       173        
0.7       174        
0.7       175        
0.7       176        
0.7       177        
0.6       178        
0.6       179        
0.6       180        
0.6       181        
0.6       182        
0.6       183        
0.6       184        
0.6       185        
0.6       186        
0.6       187        
0.6       188        
0.6       189        
0.6       190        
0.6       191        
0.5       192        
0.5       193        
0.5       194        
0.5       195        
0.5       196        
0.5       197        
0.5       198        
0.5       199        
0.5       200        
0.5       201        
0.5       202        
0.5       203        
0.5       204        
