0.0       1          
0.0       2          
0.0       3          
0.0       4          
0.0       5          
0.0       6          
0.0       7          
0.0       8          
0.0       9          
0.0       10         
0.0       11         
0.0       12         
0.0       13         
0.0       14         
0.0       15         
0.2       16         
1.0       17         
0.9       18         
0.9       19         
0.9       20         
0.9       21         
0.9       22         
0.9       23         
0.9       24         
0.9       25         
0.9       26         
0.9       27         
0.9       28         
0.9       29         
0.9       30         
0.8       31         
0.8       32         
0.8       33         
0.8       34         
0.8       35         
0.8       36         
0.8       37         
0.8       38         
0.8       39         
0.8       40         
0.8       41         
0.8       42         
0.8       43         
0.8       44         
0.8       45         
0.8       46         
0.8       47         
0.8       48         
0.7       49         
0.8       50         
0.7       51         
0.7       52         
0.7       53         
0.7       54         
0.7       55         
0.7       56         
0.7       57         
0.7       58         
0.7       59         
0.7       60         
0.7       61         
0.7       62         
0.7       63         
0.7       64         
0.7       65         
0.7       66         
0.7       67         
0.7       68         
0.6       69         
0.6       70         
0.6       71         
0.6       72         
0.6       73         
0.6       74         
0.6       75         
0.6       76         
0.6       77         
0.6       78         
0.6       79         
0.6       80         
0.6       81         
0.6       82         
0.6       83         
0.6       84         
0.6       85         
0.6       86         
0.6       87         
0.6       88         
0.6       89         
0.5       90         
0.6       91         
0.5       92         
0.5       93         
0.5       94         
0.5       95         
0.5       96         
0.5       97         
0.5       98         
0.5       99         
0.5       100        
0.5       101        
0.5       102        
0.5       103        
0.5       104        
0.5       105        
0.5       106        
0.5       107        
0.5       108        
0.5       109        
0.5       110        
0.5       111        
0.5       112        
0.5       113        
0.5       114        
0.4       115        
0.4       116        
0.4       117        
0.4       118        
0.4       119        
0.4       120        
0.4       121        
0.4       122        
0.4       123        
0.4       124        
0.4       125        
0.4       126        
0.4       127        
0.4       128        
0.4       129        
0.4       130        
0.4       131        
0.4       132        
0.4       133        
0.4       134        
0.4       135        
0.4       136        
0.4       137        
0.4       138        
0.3       139        
0.4       140        
0.3       141        
0.3       142        
0.3       143        
0.3       144        
0.3       145        
0.3       146        
0.3       147        
0.3       148        
0.3       149        
0.3       150        
0.3       151        
0.3       152        
0.3       153        
0.3       154        
0.3       155        
0.3       156        
0.3       157        
0.3       158        
0.3       159        
0.3       160        
0.3       161        
0.3       162        
0.3       163        
0.3       164        
0.3       165        
0.3       166        
0.3       167        
0.3       168        
0.3       169        
0.3       170        
0.3       171        
0.3       172        
0.2       173        
0.3       174        
0.3       175        
0.2       176        
0.2       177        
0.2       178        
0.2       179        
0.2       180        
0.2       181        
0.2       182        
0.2       183        
0.2       184        
0.2       185        
0.2       186        
0.2       187        
0.2       188        
0.2       189        
0.2       190        
0.2       191        
0.2       192        
0.2       193        
0.2       194        
0.2       195        
0.2       196        
0.2       197        
0.2       198        
0.2       199        
0.2       200        
0.2       201        
0.2       202        
0.2       203        
0.2       204        
0.2       205        
0.2       206        
0.2       207        
0.2       208        
0.2       209        
0.2       210        
0.2       211        
0.2       212        
0.2       213        
0.2       214        
0.2       215        
0.2       216        
0.2       217        
0.1       218        
0.1       219        
0.0       220        
0.0       221        
0.0       222        
0.0       223        
0.1       224        
0.3       225        
0.4       226        
0.6       227        
1.0       228        
1.2       229        
1.5       230        
1.6       231        
1.9       232        
2.1       233        
2.2       234        
2.6       235        
2.8       236        
3.0       237        
3.2       238        
3.4       239        
3.6       240        
3.8       241        
4.2       242        
4.4       243        
4.6       244        
4.8       245        
5.0       246        
5.2       247        
5.4       248        
5.8       249        
6.0       250        
6.2       251        
6.4       252        
6.6       253        
6.8       254        
7.0       255        
7.4       256        
7.6       257        
7.7       258        
8.0       259        
8.1       260        
8.4       261        
8.5       262        
8.7       263        
9.1       264        
9.3       265        
9.5       266        
9.7       267        
9.9       268        
10.1      269        
10.3      270        
10.5      271        
10.7      272        
11.1      273        
11.3      274        
11.4      275        
11.7      276        
11.9      277        
12.1      278        
12.2      279        
12.5      280        
12.8      281        
13.0      282        
13.2      283        
13.4      284        
13.6      285        
13.8      286        
14.0      287        
14.2      288        
14.4      289        
14.6      290        
15.0      291        
15.2      292        
15.3      293        
15.6      294        
15.8      295        
16.0      296        
16.1      297        
16.3      298        
16.6      299        
16.8      300        
17.1      301        
17.3      302        
17.5      303        
17.7      304        
17.9      305        
18.1      306        
18.3      307        
18.5      308        
18.7      309        
18.9      310        
19.1      311        
19.4      312        
19.6      313        
19.9      314        
20.1      315        
20.3      316        
20.5      317        
20.6      318        
20.8      319        
21.0      320        
21.2      321        
21.4      322        
21.8      323        
22.0      324        
22.2      325        
22.4      326        
22.6      327        
22.8      328        
23.0      329        
23.2      330        
23.4      331        
23.6      332        
23.7      333        
23.9      334        
24.1      335        
24.3      336        
24.7      337        
24.9      338        
25.1      339        
25.3      340        
25.5      341        
25.7      342        
25.9      343        
26.1      344        
26.3      345        
26.5      346        
26.7      347        
26.9      348        
27.0      349        
27.2      350        
27.4      351        
27.8      352        
28.0      353        
28.2      354        
28.4      355        
28.6      356        
28.8      357        
29.0      358        
29.2      359        
29.4      360        
29.6      361        
29.8      362        
30.0      363        
30.2      364        
30.3      365        
30.5      366        
30.7      367        
30.9      368        
31.2      369        
31.3      370        
31.7      371        
31.9      372        
32.1      373        
32.3      374        
32.5      375        
32.7      376        
32.9      377        
33.1      378        
33.3      379        
33.4      380        
33.7      381        
33.9      382        
34.0      383        
34.2      384        
34.4      385        
34.6      386        
34.8      387        
35.0      388        
35.2      389        
35.4      390        
35.6      391        
35.8      392        
36.0      393        
36.1      394        
36.4      395        
36.7      396        
37.0      397        
37.1      398        
