0.1       1          
0.1       2          
0.2       3          
0.2       4          
0.2       5          
0.2       6          
0.2       7          
0.2       8          
0.3       9          
0.3       10         
0.3       11         
0.3       12         
0.4       13         
0.4       14         
0.4       15         
0.4       16         
0.4       17         
0.4       18         
0.5       19         
0.5       20         
0.5       21         
0.5       22         
0.5       23         
0.6       24         
0.6       25         
0.6       26         
0.6       27         
0.6       28         
0.6       29         
0.6       30         
0.6       31         
0.7       32         
0.7       33         
0.7       34         
0.7       35         
0.7       36         
0.8       37         
0.8       38         
0.8       39         
0.9       40         
0.9       41         
0.9       42         
0.9       43         
1.0       44         
1.0       45         
1.0       46         
1.1       47         
1.1       48         
1.1       49         
1.1       50         
1.1       51         
1.2       52         
1.2       53         
1.2       54         
1.2       55         
1.2       56         
1.2       57         
1.2       58         
1.3       59         
1.3       60         
1.3       61         
1.3       62         
1.4       63         
1.4       64         
1.4       65         
1.5       66         
1.5       67         
1.5       68         
1.5       69         
1.6       70         
1.6       71         
1.6       72         
1.6       73         
1.6       74         
1.6       75         
1.6       76         
1.6       77         
1.7       78         
1.7       79         
1.7       80         
1.8       81         
1.8       82         
1.8       83         
1.8       84         
1.9       85         
1.9       86         
1.9       87         
1.9       88         
1.9       89         
1.9       90         
2.0       91         
2.0       92         
2.0       93         
2.0       94         
2.1       95         
2.1       96         
2.1       97         
2.2       98         
2.2       99         
2.2       100        
2.2       101        
2.2       102        
2.2       103        
2.2       104        
2.3       105        
2.3       106        
2.4       107        
2.4       108        
2.4       109        
2.4       110        
2.4       111        
2.4       112        
2.4       113        
2.5       114        
2.5       115        
2.5       116        
2.6       117        
2.6       118        
2.6       119        
2.7       120        
2.6       121        
2.6       122        
2.6       123        
2.7       124        
2.7       125        
2.8       126        
2.8       127        
2.8       128        
2.9       129        
2.8       130        
2.9       131        
2.9       132        
2.9       133        
2.9       134        
2.9       135        
3.0       136        
3.0       137        
3.0       138        
3.0       139        
3.0       140        
3.1       141        
3.1       142        
3.1       143        
3.2       144        
3.2       145        
3.2       146        
3.2       147        
3.2       148        
3.2       149        
3.3       150        
3.3       151        
3.3       152        
3.4       153        
3.4       154        
3.4       155        
3.4       156        
3.4       157        
3.4       158        
3.5       159        
3.6       160        
3.6       161        
3.6       162        
3.6       163        
3.6       164        
3.6       165        
3.6       166        
3.7       167        
3.7       168        
3.7       169        
3.7       170        
3.7       171        
3.7       172        
3.8       173        
3.9       174        
3.9       175        
3.9       176        
3.9       177        
3.9       178        
3.9       179        
3.9       180        
4.0       181        
4.0       182        
4.0       183        
4.0       184        
4.1       185        
4.1       186        
4.1       187        
4.2       188        
4.2       189        
4.2       190        
4.2       191        
4.2       192        
4.3       193        
4.3       194        
4.3       195        
4.3       196        
4.3       197        
4.4       198        
4.4       199        
4.5       200        
4.4       201        
4.4       202        
4.5       203        
4.5       204        
4.6       205        
4.6       206        
4.6       207        
4.6       208        
4.6       209        
4.7       210        
4.7       211        
4.7       212        
4.7       213        
4.7       214        
4.7       215        
4.8       216        
4.8       217        
4.8       218        
4.8       219        
4.9       220        
4.9       221        
4.9       222        
5.0       223        
4.9       224        
5.0       225        
5.0       226        
5.1       227        
5.1       228        
5.1       229        
5.1       230        
5.1       231        
5.2       232        
5.2       233        
5.2       234        
5.2       235        
5.2       236        
5.3       237        
5.3       238        
5.3       239        
5.3       240        
5.3       241        
5.4       242        
5.4       243        
5.4       244        
5.4       245        
5.5       246        
5.5       247        
5.5       248        
5.5       249        
5.5       250        
5.6       251        
5.6       252        
5.6       253        
5.6       254        
5.7       255        
5.7       256        
5.7       257        
5.7       258        
5.7       259        
5.8       260        
5.8       261        
5.8       262        
5.8       263        
5.9       264        
5.9       265        
5.9       266        
5.9       267        
6.0       268        
6.0       269        
6.0       270        
6.0       271        
6.0       272        
6.1       273        
6.1       274        
6.1       275        
6.1       276        
6.2       277        
6.2       278        
6.2       279        
6.2       280        
6.2       281        
6.3       282        
6.3       283        
6.3       284        
6.3       285        
6.4       286        
6.4       287        
6.4       288        
6.4       289        
6.5       290        
6.5       291        
6.5       292        
6.5       293        
6.6       294        
6.6       295        
6.6       296        
6.6       297        
6.7       298        
6.7       299        
6.7       300        
6.7       301        
6.8       302        
6.8       303        
6.8       304        
6.8       305        
6.9       306        
6.9       307        
6.8       308        
6.9       309        
